# Configuration automatically generated by LC_WRITE() v5.01
connection usb
#connection (actual) usb
device any
#device (actual) t4
name "LJ5"
serial "440012438"
samplehz 2000.000000
settleus 100.000000
nsample 64
downsample 9
dataformat ascii

# Analog Inputs
aichannel 0
ainegative 199
airange 10.000000
airesolution 0
aicalslope 1.000000
aicalzero 0.000000
aicalunits "V"


## End Configuration ##
#: Tue Sep 30 11:26:17 2025
-1.002170e-01
-6.150406e-01
7.065732e-02
1.142283e-02
3.698699e-02
2.226023e-03
-1.362836e-01
1.837706e-01
-1.782304e-01
2.046686e-01
-1.842210e-01
1.879261e-01
-3.887632e-02
-1.396903e-02
7.701457e-02
-9.676740e-02
1.444922e-01
-1.571090e-01
1.927113e-01
-1.664664e-01
1.592666e-01
-1.136558e-01
9.293471e-02
-3.814915e-02
9.466439e-03
4.791158e-02
-1.802746e-01
2.012081e-01
-1.845007e-01
1.874888e-01
-1.517875e-01
1.404880e-01
-1.208652e-01
-9.584466e-02
1.481172e-01
-1.596855e-01
1.902504e-01
-1.872931e-01
1.990108e-01
-1.134980e-01
8.983919e-02
-3.650075e-02
9.254878e-03
5.208545e-02
-7.561625e-02
1.262692e-01
-1.824505e-01
1.891752e-01
-1.508621e-01
1.369076e-01
-8.444991e-02
6.470969e-02
-1.698019e-01
-1.554789e-01
1.964126e-01
-1.857455e-01
1.999739e-01
-1.772423e-01
1.707694e-01
-3.490624e-02
5.140573e-03
5.114045e-02
-7.919949e-02
1.281430e-01
-1.421417e-01
1.835949e-01
-1.496112e-01
1.332276e-01
-8.546226e-02
6.141674e-02
-5.547938e-03
-2.714380e-02
-1.879871e-01
-1.915661e-01
1.974112e-01
-1.765946e-01
1.703035e-01
-1.314576e-01
1.101438e-01
5.389029e-02
-7.874913e-02
1.311066e-01
-1.453503e-01
1.830860e-01
-1.807792e-01
2.030320e-01
-8.299839e-02
5.880948e-02
-1.981449e-03
-2.822676e-02
8.230846e-02
-1.033988e-01
-1.630216e-01
-1.733132e-01
1.693416e-01
-1.285622e-01
1.091143e-01
-5.561550e-02
2.836296e-02
1.298944e-01
-1.501441e-01
1.823360e-01
-1.842307e-01
2.020805e-01
-1.823530e-01
1.816945e-01
-1.178310e-03
-2.991178e-02
8.372851e-02
-1.069844e-01
1.533432e-01
-1.642413e-01
-1.074091e-01
-1.269977e-01
1.076166e-01
-5.430853e-02
2.549210e-02
3.150498e-02
-5.712288e-02
1.832141e-01
-1.847487e-01
2.028114e-01
-1.821318e-01
1.819583e-01
-1.453699e-01
1.301815e-01
8.701071e-02
-1.093323e-01
1.545729e-01
-1.637458e-01
1.967936e-01
-1.863050e-01
-2.459246e-02
-5.300233e-02
2.457794e-02
3.398539e-02
-5.950282e-02
1.113172e-01
-1.326001e-01
2.024057e-01
-1.801599e-01
1.836287e-01
-1.407532e-01
1.309616e-01
-7.454613e-02
5.322962e-02
1.590811e-01
-1.656616e-01
1.934964e-01
-1.896251e-01
1.983632e-01
-1.743148e-01
6.476243e-02
3.409822e-02
-6.200954e-02
1.147840e-01
-1.325777e-01
1.737929e-01
-1.780297e-01
1.794850e-01
-1.440180e-01
1.260879e-01
-7.284063e-02
5.053620e-02
8.401539e-03
-3.564010e-02
1.972296e-01
-1.865571e-01
1.987789e-01
-1.726086e-01
1.636001e-01
-1.215825e-01
1.393444e-01
1.133329e-01
-1.364003e-01
1.735904e-01
-1.781460e-01
2.019670e-01
-1.846404e-01
1.253645e-01
-7.308210e-02
4.415638e-02
9.614420e-03
-3.811717e-02
9.232390e-02
-1.162365e-01
1.976859e-01
-1.699503e-01
1.627929e-01
-1.202267e-01
1.002020e-01
-4.204169e-02
1.879401e-01
1.786701e-01
-1.785986e-01
1.993988e-01
-1.879239e-01
1.894958e-01
-1.544699e-01
4.633549e-02
1.427666e-02
-3.988415e-02
9.572344e-02
-1.149789e-01
1.631996e-01
-1.662831e-01
1.646963e-01
-1.152985e-01
9.833445e-02
-4.317556e-02
1.254676e-02
4.294335e-02
2.044480e-01
2.009958e-01
-1.881245e-01
1.890739e-01
-1.547029e-01
1.405445e-01
-9.583570e-02
-4.327797e-02
9.806363e-02
-1.188339e-01
1.622681e-01
-1.668440e-01
2.011855e-01
-1.869428e-01
9.507149e-02
-4.034974e-02
9.920476e-03
4.259973e-02
-7.327403e-02
1.213071e-01
1.767048e-01
1.873422e-01
-1.531712e-01
1.417984e-01
-9.090308e-02
6.628374e-02
-1.084959e-02
-1.192983e-01
1.642899e-01
-1.691891e-01
2.008582e-01
-1.883295e-01
1.949707e-01
-1.682042e-01
9.282274e-03
4.703249e-02
-7.320346e-02
1.242286e-01
-1.414307e-01
1.789440e-01
1.165065e-01
1.416675e-01
-8.629236e-02
6.533250e-02
-1.026880e-02
-1.911874e-02
7.564871e-02
-1.727840e-01
1.989108e-01
-1.880234e-01
1.937099e-01
-1.681580e-01
1.570043e-01
-1.118924e-01
-7.672344e-02
1.240580e-01
-1.417738e-01
1.815014e-01
-1.825776e-01
2.000565e-01
3.380931e-02
6.270844e-02
-6.407257e-03
-2.006693e-02
7.862590e-02
-1.030331e-01
1.490093e-01
-1.859069e-01
1.940408e-01
-1.673067e-01
1.560608e-01
-1.076418e-01
8.864597e-02
-3.484267e-02
-1.455481e-01
1.815417e-01
-1.816260e-01
2.008638e-01
-1.834733e-01
1.870068e-01
-5.238337e-02
-2.793999e-02
7.731676e-02
-1.058773e-01
1.475160e-01
-1.635460e-01
1.905203e-01
-1.667821e-01
1.544677e-01
-1.076571e-01
8.567204e-02
-2.953253e-02
3.569268e-03
5.346156e-02
-1.839771e-01
2.008864e-01
-1.822828e-01
1.841616e-01
-1.491042e-01
1.331255e-01
-1.280345e-01
-1.023572e-01
1.530698e-01
-1.635578e-01
1.918511e-01
-1.871961e-01
1.993237e-01
-1.078074e-01
8.494780e-02
-2.689580e-02
1.906923e-04
5.584346e-02
-8.291378e-02
1.301751e-01
-1.852511e-01
1.816737e-01
-1.480886e-01
1.301512e-01
-8.175468e-02
5.594569e-02
-1.771746e-01
-1.631537e-01
1.940036e-01
-1.886112e-01
1.993912e-01
-1.723274e-01
1.711602e-01
-2.520153e-02
-2.498749e-03
5.919749e-02
-8.295980e-02
1.334820e-01
-1.491714e-01
1.834936e-01
-1.470891e-01
1.290245e-01
-7.925196e-02
5.419652e-02
4.803154e-03
-3.048143e-02
-1.886396e-01
-1.864303e-01
1.981676e-01
-1.738835e-01
1.685826e-01
-1.242034e-01
1.044019e-01
6.041139e-02
-8.543075e-02
1.374224e-01
-1.462194e-01
1.899772e-01
-1.822684e-01
2.046053e-01
-7.388766e-02
5.343920e-02
7.621398e-03
-3.277122e-02
8.794415e-02
-1.112220e-01
-1.569648e-01
-1.720217e-01
1.653151e-01
-1.237903e-01
1.029678e-01
-5.002309e-02
2.092905e-02
1.362093e-01
-1.508919e-01
1.857608e-01
-1.878450e-01
2.020192e-01
-1.783249e-01
1.822079e-01
8.074371e-03
-3.748345e-02
9.362733e-02
-1.073861e-01
1.609829e-01
-1.654768e-01
-1.002693e-01
-1.200072e-01
1.036632e-01
-4.533653e-02
1.907873e-02
3.796023e-02
-6.290953e-02
1.892351e-01
-1.842471e-01
2.021297e-01
-1.807203e-01
1.778601e-01
-1.399972e-01
1.252347e-01
9.482735e-02
-1.138966e-01
1.585276e-01
-1.670048e-01
1.981862e-01
-1.862045e-01
-1.592285e-02
-4.504744e-02
1.626808e-02
3.959658e-02
-6.557290e-02
1.189617e-01
-1.369448e-01
2.021082e-01
-1.805190e-01
1.763913e-01
-1.390776e-01
1.235950e-01
-7.122750e-02
4.179093e-02
1.602789e-01
-1.669569e-01
1.984628e-01
-1.877321e-01
1.997751e-01
-1.687374e-01
6.916129e-02
4.318488e-02
-6.798365e-02
1.214002e-01
-1.376620e-01
1.796842e-01
-1.769124e-01
1.781130e-01
-1.389662e-01
1.203905e-01
-6.879189e-02
3.951417e-02
1.521265e-02
-4.168636e-02
1.985326e-01
-1.893712e-01
1.947694e-01
-1.688650e-01
1.615262e-01
-1.170226e-01
1.437253e-01
1.224160e-01
-1.411599e-01
1.775452e-01
-1.777301e-01
2.044181e-01
-1.856711e-01
1.164244e-01
-6.684772e-02
4.060270e-02
1.938231e-02
-4.507476e-02
9.814883e-02
-1.198100e-01
1.987209e-01
-1.668487e-01
1.576601e-01
-1.138268e-01
9.387379e-02
-3.611342e-02
1.928278e-01
1.801536e-01
-1.808982e-01
2.005979e-01
-1.835055e-01
1.888078e-01
-1.509468e-01
3.824029e-02
1.873795e-02
-4.986527e-02
1.014587e-01
-1.206741e-01
1.650587e-01
-1.734145e-01
1.553162e-01
-1.140667e-01
8.889036e-02
-3.651812e-02
6.998738e-03
4.850831e-02
1.987845e-01
2.015881e-01
-1.821504e-01
1.881475e-01
-1.515169e-01
1.374306e-01
-8.745401e-02
-4.938101e-02
1.031079e-01
-1.237195e-01
1.668339e-01
-1.733122e-01
1.985905e-01
-1.884456e-01
8.741126e-02
-3.226266e-02
6.092032e-03
5.201680e-02
-7.800285e-02
1.257731e-01
1.719589e-01
1.852145e-01
-1.503331e-01
1.339795e-01
-8.715782e-02
5.998764e-02
-4.711480e-03
-1.276982e-01
1.652626e-01
-1.769938e-01
1.981825e-01
-1.874109e-01
1.941663e-01
-1.647312e-01
2.351775e-03
5.372489e-02
-8.153606e-02
1.274925e-01
-1.474027e-01
1.816177e-01
1.106818e-01
1.324429e-01
-8.351000e-02
5.906634e-02
-8.479237e-04
-2.708767e-02
8.351270e-02
-1.730371e-01
2.015739e-01
-1.835035e-01
1.967298e-01
-1.642615e-01
1.505272e-01
-1.047044e-01
-7.887028e-02
1.321346e-01
-1.493775e-01
1.820327e-01
-1.833636e-01
2.007436e-01
3.134459e-02
5.426947e-02
-8.749390e-04
-2.970114e-02
8.511042e-02
-1.065551e-01
1.535175e-01
-1.863652e-01
1.944901e-01
-1.611669e-01
1.503063e-01
-1.049086e-01
8.155282e-02
-2.607513e-02
-1.480390e-01
1.853182e-01
-1.823248e-01
2.043081e-01
-1.824022e-01
1.820957e-01
-5.737437e-02
-2.981153e-02
8.780156e-02
-1.093549e-01
1.558112e-01
-1.633365e-01
1.965412e-01
-1.583767e-01
1.499074e-01
-1.039590e-01
7.990531e-02
-2.285798e-02
-5.384983e-03
5.872316e-02
-1.849328e-01
2.041227e-01
-1.776330e-01
1.831501e-01
-1.448855e-01
1.283900e-01
-1.318212e-01
-1.103365e-01
1.576321e-01
-1.662696e-01
1.939794e-01
-1.884445e-01
2.001647e-01
-1.000673e-01
7.534538e-02
-2.392401e-02
-7.171688e-03
6.258053e-02
-8.935841e-02
1.389232e-01
-1.780283e-01
1.843033e-01
-1.395603e-01
1.246341e-01
-7.601172e-02
4.861537e-02
-1.738523e-01
-1.681242e-01
1.955469e-01
-1.863815e-01
1.980780e-01
-1.725524e-01
1.637096e-01
-1.940651e-02
-8.701897e-03
6.597847e-02
-9.038330e-02
1.402576e-01
-1.517624e-01
1.873750e-01
-1.411966e-01
1.229932e-01
-7.378861e-02
4.493641e-02
1.094542e-02
-3.771141e-02
-1.867744e-01
-1.884720e-01
1.967250e-01
-1.699241e-01
1.638718e-01
-1.196054e-01
9.988436e-02
6.827782e-02
-9.195793e-02
1.404017e-01
-1.555136e-01
1.863045e-01
-1.873152e-01
2.002176e-01
-7.120161e-02
4.494071e-02
1.283931e-02
-4.116549e-02
9.597108e-02
-1.150363e-01
-1.565189e-01
-1.712060e-01
1.604026e-01
-1.173753e-01
9.797897e-02
-4.534789e-02
1.169307e-02
1.434518e-01
-1.540594e-01
1.887701e-01
-1.863916e-01
2.025158e-01
-1.805514e-01
1.749149e-01
1.478163e-02
-4.124073e-02
9.855898e-02
-1.186998e-01
1.635467e-01
-1.686988e-01
-9.347158e-02
-1.153434e-01
9.365217e-02
-4.091302e-02
9.970866e-03
4.380963e-02
-6.984618e-02
1.923309e-01
-1.859426e-01
2.004490e-01
-1.783293e-01
1.776794e-01
-1.328588e-01
1.194309e-01
9.928279e-02
-1.189159e-01
1.671208e-01
-1.705536e-01
1.977782e-01
-1.873601e-01
-1.090260e-02
-3.863154e-02
9.802819e-03
4.934781e-02
-7.045148e-02
1.274666e-01
-1.398453e-01
2.013223e-01
-1.769188e-01
1.768860e-01
-1.321134e-01
1.166733e-01
-6.483468e-02
3.617407e-02
1.641222e-01
-1.730331e-01
1.971694e-01
-1.899831e-01
1.931229e-01
-1.668750e-01
7.473832e-02
4.862881e-02
-7.743412e-02
1.253030e-01
-1.405217e-01
1.819641e-01
-1.805339e-01
1.744016e-01
-1.317104e-01
1.156911e-01
-5.999889e-02
3.485546e-02
2.049622e-02
-5.269993e-02
1.972062e-01
-1.886462e-01
1.938336e-01
-1.657443e-01
1.567920e-01
-1.092979e-01
1.467947e-01
1.261022e-01
-1.452882e-01
1.815809e-01
-1.807720e-01
2.024552e-01
-1.869719e-01
1.086484e-01
-5.969465e-02
3.304405e-02
2.450600e-02
-5.190669e-02
1.043655e-01
-1.300645e-01
1.901781e-01
-1.680948e-01
1.527860e-01
-1.078117e-01
8.581445e-02
-2.985145e-02
1.884219e-01
1.827562e-01
-1.820917e-01
2.026263e-01
-1.817657e-01
1.864631e-01
-1.466687e-01
2.990199e-02
2.671036e-02
-5.485326e-02
1.088396e-01
-1.264310e-01
1.703463e-01
-1.747869e-01
1.518503e-01
-1.060015e-01
8.485772e-02
-2.810417e-02
-1.520640e-03
5.506693e-02
1.993150e-01
1.995622e-01
-1.845764e-01
1.822782e-01
-1.480111e-01
1.302637e-01
-8.252473e-02
-5.881393e-02
1.082856e-01
-1.291123e-01
1.705381e-01
-1.747363e-01
1.990474e-01
-1.895691e-01
8.021235e-02
-2.568461e-02
-2.297956e-03
5.788500e-02
-8.379025e-02
1.354544e-01
1.676986e-01
1.828527e-01
-1.457622e-01
1.291951e-01
-8.120581e-02
5.190979e-02
3.787064e-03
-1.288427e-01
1.748808e-01
-1.731206e-01
2.013401e-01
-1.874512e-01
1.926610e-01
-1.595475e-01
-3.061558e-03
6.052434e-02
-8.517973e-02
1.377846e-01
-1.483902e-01
1.869567e-01
1.059706e-01
1.291621e-01
-7.702846e-02
5.091473e-02
6.805305e-03
-3.539856e-02
8.625596e-02
-1.775803e-01
2.034102e-01
-1.855707e-01
1.902851e-01
-1.619053e-01
1.476022e-01
-1.014112e-01
-8.868884e-02
1.365293e-01
-1.510906e-01
1.862817e-01
-1.873120e-01
2.025681e-01
2.104464e-02
5.047600e-02
8.464969e-03
-3.611542e-02
9.128326e-02
-1.126732e-01
1.577929e-01
-1.861859e-01
1.904781e-01
-1.602783e-01
1.432593e-01
-9.975868e-02
7.597146e-02
-1.923623e-02
-1.540522e-01
1.877618e-01
-1.834627e-01
2.034052e-01
-1.794607e-01
1.782217e-01
-6.602397e-02
-3.928368e-02
9.296024e-02
-1.141256e-01
1.590495e-01
-1.668738e-01
1.973275e-01
-1.575116e-01
1.442615e-01
-9.639636e-02
7.297000e-02
-1.703403e-02
-1.178557e-02
6.836055e-02
-1.847101e-01
2.026795e-01
-1.790940e-01
1.757686e-01
-1.427999e-01
1.223778e-01
-1.359421e-01
-1.150259e-01
1.604150e-01
-1.690933e-01
1.984872e-01
-1.859566e-01
2.002112e-01
-9.338964e-02
7.165385e-02
-1.143788e-02
-1.203519e-02
7.007887e-02
-9.538695e-02
1.437676e-01
-1.794085e-01
1.742896e-01
-1.372972e-01
1.231178e-01
-6.792116e-02
3.974589e-02
-1.802968e-01
-1.735415e-01
1.965228e-01
-1.884976e-01
1.964629e-01
-1.666867e-01
1.639633e-01
-9.170847e-03
-1.586924e-02
7.297257e-02
-9.611411e-02
1.467359e-01
-1.535774e-01
1.913459e-01
-1.367739e-01
1.159381e-01
-6.811432e-02
3.862442e-02
1.949590e-02
-4.453009e-02
-1.863852e-01
-1.893707e-01
1.979045e-01
-1.656461e-01
1.586945e-01
-1.146599e-01
9.287430e-02
7.655767e-02
-9.694430e-02
1.452388e-01
-1.571242e-01
1.941879e-01
-1.838115e-01
2.013524e-01
-6.463977e-02
3.723635e-02
2.298029e-02
-4.599449e-02
9.933744e-02
-1.248338e-01
-1.529263e-01
-1.668367e-01
1.577095e-01
-1.121214e-01
8.945867e-02
-3.477790e-02
7.663609e-03
1.455653e-01
-1.612554e-01
1.924763e-01
-1.856364e-01
1.993476e-01
-1.782045e-01
1.732328e-01
2.292416e-02
-4.914977e-02
1.051357e-01
-1.221097e-01
1.658257e-01
-1.753165e-01
-8.675194e-02
-1.116952e-01
8.638918e-02
-3.547451e-02
4.195844e-03
5.260127e-02
-7.664108e-02
1.928333e-01
-1.871966e-01
1.995374e-01
-1.774771e-01
1.691902e-01
-1.334482e-01
1.119135e-01
1.049254e-01
-1.286215e-01
1.646957e-01
-1.761604e-01
1.977936e-01
-1.887811e-01
-4.807665e-03
-3.210843e-02
3.414342e-03
5.481278e-02
-8.133050e-02
1.285127e-01
-1.456301e-01
