# Configuration automatically generated by LC_WRITE() v5.01
connection usb
#connection (actual) usb
device t4
#device (actual) t4
name "LJ5"
serial "440012438"
samplehz 2000.000000
settleus 1.000000
nsample 1000
downsample 0
dataformat ascii

# Analog Inputs
aichannel 0
ailabel "Nice looking channel label"
ainegative 199
airange 10.000000
airesolution 0
aicalslope 4.000000
aicalzero 5.000000
aicalunits "V"


## End Configuration ##
#: Tue Sep 30 11:06:41 2025
-1.933207e+00
-1.995364e+00
-1.891768e+00
-1.643137e+00
-1.249472e+00
-7.314901e-01
-1.513519e-01
4.080677e-01
9.674873e-01
1.444030e+00
1.775538e+00
1.982731e+00
2.003449e+00
1.858415e+00
1.568346e+00
1.133242e+00
6.152601e-01
3.512192e-02
-5.450172e-01
-1.083717e+00
-1.518822e+00
-1.829611e+00
-1.974646e+00
-1.953926e+00
-1.788172e+00
-1.456664e+00
-1.000841e+00
-4.621401e-01
1.179981e-01
6.981373e-01
1.216119e+00
1.630504e+00
1.899854e+00
2.003449e+00
1.962011e+00
1.734099e+00
1.361154e+00
8.846102e-01
3.251905e-01
-2.549477e-01
-8.143673e-01
-1.311629e+00
-1.684576e+00
-1.933207e+00
-1.995364e+00
-1.891768e+00
-1.643137e+00
-1.249472e+00
-7.314901e-01
-1.720705e-01
4.080677e-01
9.674873e-01
1.423311e+00
1.775538e+00
1.982731e+00
2.003449e+00
1.858415e+00
1.568346e+00
1.153961e+00
6.152601e-01
3.512192e-02
-5.242977e-01
-1.083717e+00
-1.518822e+00
-1.829611e+00
-1.974646e+00
-1.974646e+00
-1.788172e+00
-1.456664e+00
-1.000841e+00
-4.621401e-01
1.179981e-01
6.981373e-01
1.195399e+00
1.609784e+00
1.899854e+00
2.003449e+00
1.962011e+00
1.734099e+00
1.381872e+00
8.846102e-01
3.251905e-01
-2.549477e-01
-8.143673e-01
-1.311629e+00
-1.684576e+00
-1.933207e+00
-1.995364e+00
-1.891768e+00
-1.643137e+00
-1.249472e+00
-7.314901e-01
-1.927900e-01
3.873491e-01
9.467688e-01
1.423311e+00
1.775538e+00
1.982731e+00
2.003449e+00
1.858415e+00
1.568346e+00
1.133242e+00
6.152601e-01
5.584049e-02
-5.242977e-01
-1.062999e+00
-1.518822e+00
-1.829611e+00
-1.974646e+00
-1.974646e+00
-1.788172e+00
-1.456664e+00
-1.000841e+00
-4.621401e-01
1.179981e-01
6.774178e-01
1.195399e+00
1.609784e+00
1.899854e+00
2.024169e+00
1.962011e+00
1.734099e+00
1.381872e+00
9.053297e-01
3.459101e-01
-2.342291e-01
-8.143673e-01
-1.290910e+00
-1.684576e+00
-1.933207e+00
-1.995364e+00
-1.891768e+00
-1.643137e+00
-1.249472e+00
-7.522097e-01
-1.720705e-01
3.873491e-01
9.467688e-01
1.423311e+00
1.775538e+00
1.962011e+00
2.003449e+00
1.858415e+00
1.589065e+00
1.153961e+00
6.359797e-01
5.584049e-02
-5.242977e-01
-1.062999e+00
-1.498102e+00
-1.829611e+00
-1.974646e+00
-1.974646e+00
-1.788172e+00
-1.477384e+00
-1.000841e+00
-4.621401e-01
1.179981e-01
6.774178e-01
1.195399e+00
1.609784e+00
1.899854e+00
2.003449e+00
1.962011e+00
1.734099e+00
1.381872e+00
9.053297e-01
3.459101e-01
-2.342291e-01
-7.936487e-01
-1.290910e+00
-1.663857e+00
-1.933207e+00
-1.995364e+00
-1.912488e+00
-1.643137e+00
-1.249472e+00
-7.522097e-01
-1.720705e-01
3.873491e-01
9.467688e-01
1.423311e+00
1.754819e+00
1.982731e+00
2.003449e+00
1.879134e+00
1.568346e+00
1.153961e+00
6.359797e-01
5.584049e-02
-5.242977e-01
-1.062999e+00
-1.498102e+00
-1.808891e+00
-1.974646e+00
-1.974646e+00
-1.788172e+00
-1.477384e+00
-1.000841e+00
-4.828596e-01
9.727955e-02
6.774178e-01
1.195399e+00
1.609784e+00
1.899854e+00
2.003449e+00
1.962011e+00
1.734099e+00
1.381872e+00
9.053297e-01
3.459101e-01
-2.342291e-01
-7.936487e-01
-1.290910e+00
-1.663857e+00
-1.912488e+00
-1.995364e+00
-1.912488e+00
-1.663857e+00
-1.249472e+00
-7.522097e-01
-1.927900e-01
3.873491e-01
9.467688e-01
1.402592e+00
1.754819e+00
1.962011e+00
2.003449e+00
1.879134e+00
1.568346e+00
1.153961e+00
6.359797e-01
5.584049e-02
-5.242977e-01
-1.042279e+00
-1.498102e+00
-1.808891e+00
-1.974646e+00
-1.974646e+00
-1.788172e+00
-1.456664e+00
-1.021560e+00
-4.828596e-01
9.727955e-02
6.774178e-01
1.195399e+00
1.609784e+00
1.879134e+00
2.003449e+00
1.962011e+00
1.754819e+00
1.381872e+00
9.053297e-01
3.459101e-01
-2.135096e-01
-7.936487e-01
-1.290910e+00
-1.663857e+00
-1.912488e+00
-1.995364e+00
-1.912488e+00
-1.663857e+00
-1.270191e+00
-7.522097e-01
-1.927900e-01
3.873491e-01
9.467688e-01
1.402592e+00
1.754819e+00
1.962011e+00
2.003449e+00
1.879134e+00
1.589065e+00
1.153961e+00
6.566992e-01
5.584049e-02
-5.035791e-01
-1.062999e+00
-1.498102e+00
-1.808891e+00
-1.974646e+00
-1.974646e+00
-1.808891e+00
-1.477384e+00
-1.021560e+00
-4.828596e-01
7.656002e-02
6.774178e-01
1.174680e+00
1.589065e+00
1.879134e+00
2.003449e+00
1.962011e+00
1.754819e+00
1.381872e+00
9.260492e-01
3.666296e-01
-2.135096e-01
-7.729292e-01
-1.270191e+00
-1.663857e+00
-1.912488e+00
-1.995364e+00
-1.912488e+00
-1.663857e+00
-1.270191e+00
-7.729292e-01
-2.135096e-01
3.873491e-01
9.260492e-01
1.402592e+00
1.754819e+00
1.962011e+00
2.003449e+00
1.879134e+00
1.589065e+00
1.174680e+00
6.566992e-01
7.656002e-02
-5.035791e-01
-1.042279e+00
-1.498102e+00
-1.808891e+00
-1.974646e+00
-1.974646e+00
-1.808891e+00
-1.477384e+00
-1.021560e+00
-5.035791e-01
7.656002e-02
6.566992e-01
1.174680e+00
1.589065e+00
1.879134e+00
2.003449e+00
1.962011e+00
1.754819e+00
1.402592e+00
9.260492e-01
3.666296e-01
-2.135096e-01
-7.729292e-01
-1.270191e+00
-1.663857e+00
-1.912488e+00
-1.995364e+00
-1.912488e+00
-1.663857e+00
-1.270191e+00
-7.729292e-01
-2.135096e-01
3.666296e-01
9.260492e-01
1.402592e+00
1.754819e+00
1.962011e+00
2.003449e+00
1.879134e+00
1.589065e+00
1.174680e+00
6.566992e-01
7.656002e-02
-5.035791e-01
-1.042279e+00
-1.477384e+00
-1.808891e+00
-1.974646e+00
-1.974646e+00
-1.808891e+00
-1.477384e+00
-1.021560e+00
-5.035791e-01
7.656002e-02
6.566992e-01
1.174680e+00
1.589065e+00
1.879134e+00
2.003449e+00
1.962011e+00
1.754819e+00
1.402592e+00
9.260492e-01
3.873491e-01
-2.135096e-01
-7.729292e-01
-1.270191e+00
-1.663857e+00
-1.912488e+00
-1.995364e+00
-1.891768e+00
-1.663857e+00
-1.270191e+00
-7.729292e-01
-2.135096e-01
3.666296e-01
9.260492e-01
1.402592e+00
1.754819e+00
1.962011e+00
2.003449e+00
1.879134e+00
1.589065e+00
1.174680e+00
6.566992e-01
7.656002e-02
-5.035791e-01
-1.042279e+00
-1.498102e+00
-1.808891e+00
-1.974646e+00
-1.974646e+00
-1.808891e+00
-1.498102e+00
-1.042279e+00
-5.035791e-01
7.656002e-02
6.566992e-01
1.153961e+00
1.589065e+00
1.879134e+00
2.003449e+00
1.962011e+00
1.754819e+00
1.402592e+00
9.260492e-01
3.873491e-01
-2.135096e-01
-7.729292e-01
-1.270191e+00
-1.663857e+00
-1.912488e+00
-1.995364e+00
-1.912488e+00
-1.663857e+00
-1.270191e+00
-7.936487e-01
-2.135096e-01
3.666296e-01
9.053297e-01
1.381872e+00
1.754819e+00
1.962011e+00
2.003449e+00
1.879134e+00
1.609784e+00
1.195399e+00
6.566992e-01
9.727955e-02
-4.828596e-01
-1.021560e+00
-1.477384e+00
-1.808891e+00
-1.953926e+00
-1.974646e+00
-1.808891e+00
-1.498102e+00
-1.062999e+00
-5.242977e-01
7.656002e-02
6.566992e-01
1.153961e+00
1.589065e+00
1.879134e+00
2.003449e+00
1.962011e+00
1.754819e+00
1.402592e+00
9.260492e-01
3.873491e-01
-1.927900e-01
-7.522097e-01
-1.249472e+00
-1.663857e+00
-1.912488e+00
-1.995364e+00
-1.912488e+00
-1.663857e+00
-1.290910e+00
-7.729292e-01
-2.342291e-01
3.666296e-01
9.053297e-01
1.381872e+00
1.754819e+00
1.962011e+00
2.003449e+00
1.879134e+00
1.609784e+00
1.195399e+00
6.566992e-01
9.727955e-02
-4.828596e-01
-1.000841e+00
-1.477384e+00
-1.788172e+00
-1.974646e+00
-1.974646e+00
-1.808891e+00
-1.498102e+00
-1.042279e+00
-5.242977e-01
5.584049e-02
6.359797e-01
1.153961e+00
1.589065e+00
1.858415e+00
2.003449e+00
1.962011e+00
1.754819e+00
1.402592e+00
9.467688e-01
3.873491e-01
-1.927900e-01
-7.522097e-01
-1.249472e+00
-1.663857e+00
-1.912488e+00
-1.995364e+00
-1.912488e+00
-1.663857e+00
-1.290910e+00
-7.936487e-01
-2.342291e-01
3.459101e-01
8.846102e-01
1.381872e+00
1.734099e+00
1.962011e+00
2.003449e+00
1.899854e+00
1.609784e+00
1.174680e+00
6.774178e-01
9.727955e-02
-4.828596e-01
-1.021560e+00
-1.456664e+00
-1.788172e+00
-1.974646e+00
-1.974646e+00
-1.808891e+00
-1.498102e+00
-1.062999e+00
-5.242977e-01
5.584049e-02
6.359797e-01
1.153961e+00
1.568346e+00
1.879134e+00
2.003449e+00
1.962011e+00
1.754819e+00
1.402592e+00
9.467688e-01
3.873491e-01
-1.927900e-01
-7.522097e-01
-1.249472e+00
-1.643137e+00
-1.912488e+00
-1.995364e+00
-1.912488e+00
-1.684576e+00
-1.290910e+00
-7.936487e-01
-2.342291e-01
3.459101e-01
9.053297e-01
1.381872e+00
1.734099e+00
1.962011e+00
2.003449e+00
1.899854e+00
1.609784e+00
1.195399e+00
6.981373e-01
1.179981e-01
-4.828596e-01
-1.000841e+00
-1.456664e+00
-1.788172e+00
-1.974646e+00
-1.995364e+00
-1.808891e+00
-1.518822e+00
-1.062999e+00
-5.242977e-01
5.584049e-02
6.152601e-01
1.133242e+00
1.568346e+00
1.879134e+00
2.003449e+00
1.962011e+00
1.754819e+00
1.423311e+00
9.467688e-01
4.080677e-01
-1.927900e-01
-7.522097e-01
-1.249472e+00
-1.643137e+00
-1.912488e+00
-1.995364e+00
-1.933207e+00
-1.684576e+00
-1.290910e+00
-8.143673e-01
-2.549477e-01
3.459101e-01
8.846102e-01
1.381872e+00
1.734099e+00
1.962011e+00
2.024169e+00
1.899854e+00
1.609784e+00
1.216119e+00
6.774178e-01
1.179981e-01
-4.621401e-01
-1.000841e+00
-1.456664e+00
-1.788172e+00
-1.974646e+00
-1.974646e+00
-1.829611e+00
-1.518822e+00
-1.062999e+00
-5.450172e-01
3.512192e-02
6.152601e-01
1.133242e+00
1.568346e+00
1.858415e+00
2.003449e+00
1.982731e+00
1.775538e+00
1.423311e+00
9.674873e-01
4.080677e-01
-1.720705e-01
-7.522097e-01
-1.249472e+00
-1.643137e+00
-1.891768e+00
-1.995364e+00
-1.933207e+00
-1.684576e+00
-1.290910e+00
-8.143673e-01
-2.549477e-01
3.251905e-01
8.846102e-01
1.381872e+00
1.734099e+00
1.962011e+00
2.003449e+00
1.899854e+00
1.630504e+00
1.216119e+00
6.981373e-01
1.179981e-01
-4.621401e-01
-1.000841e+00
-1.456664e+00
-1.788172e+00
-1.974646e+00
-1.974646e+00
-1.829611e+00
-1.518822e+00
-1.083717e+00
-5.450172e-01
3.512192e-02
6.152601e-01
1.133242e+00
1.568346e+00
1.858415e+00
2.003449e+00
1.982731e+00
1.796257e+00
1.423311e+00
9.674873e-01
4.080677e-01
-1.720705e-01
-7.314901e-01
-1.249472e+00
-1.643137e+00
-1.891768e+00
-1.995364e+00
-1.933207e+00
-1.684576e+00
-1.311629e+00
-8.143673e-01
-2.549477e-01
3.251905e-01
8.846102e-01
1.361154e+00
1.734099e+00
1.962011e+00
2.003449e+00
1.899854e+00
1.630504e+00
1.216119e+00
6.981373e-01
1.387177e-01
-4.414215e-01
-1.000841e+00
-1.456664e+00
-1.788172e+00
-1.974646e+00
-1.974646e+00
-1.808891e+00
-1.518822e+00
-1.083717e+00
-5.450172e-01
3.512192e-02
6.152601e-01
1.133242e+00
1.568346e+00
1.858415e+00
2.003449e+00
1.982731e+00
1.775538e+00
1.444030e+00
9.674873e-01
4.080677e-01
-1.720705e-01
-7.314901e-01
-1.249472e+00
-1.643137e+00
-1.891768e+00
-1.995364e+00
-1.933207e+00
-1.684576e+00
-1.311629e+00
-8.143673e-01
-2.549477e-01
3.251905e-01
8.846102e-01
1.361154e+00
1.734099e+00
1.962011e+00
2.003449e+00
1.899854e+00
1.630504e+00
1.236837e+00
6.981373e-01
1.387177e-01
-4.414215e-01
-1.000841e+00
-1.435945e+00
-1.788172e+00
-1.953926e+00
-1.995364e+00
-1.829611e+00
-1.518822e+00
-1.083717e+00
-5.450172e-01
3.512192e-02
5.945415e-01
1.133242e+00
1.568346e+00
1.858415e+00
2.003449e+00
1.982731e+00
1.796257e+00
1.444030e+00
9.674873e-01
4.287872e-01
-1.513519e-01
-7.314901e-01
-1.228752e+00
-1.622418e+00
-1.891768e+00
-1.995364e+00
-1.933207e+00
-1.684576e+00
-1.311629e+00
-8.350868e-01
-2.549477e-01
3.251905e-01
8.638916e-01
1.361154e+00
1.713381e+00
1.962011e+00
2.003449e+00
1.899854e+00
1.630504e+00
1.216119e+00
7.188568e-01
1.387177e-01
-4.414215e-01
-9.801216e-01
-1.435945e+00
-1.788172e+00
-1.953926e+00
-1.995364e+00
-1.829611e+00
-1.518822e+00
-1.104437e+00
-5.657368e-01
1.440239e-02
5.945415e-01
1.133242e+00
1.547626e+00
1.858415e+00
2.003449e+00
1.982731e+00
1.775538e+00
1.444030e+00
9.674873e-01
4.287872e-01
-1.513519e-01
-7.107716e-01
-1.228752e+00
-1.622418e+00
-1.891768e+00
-1.995364e+00
-1.933207e+00
-1.684576e+00
-1.332349e+00
-8.350868e-01
-2.756672e-01
3.044720e-01
8.638916e-01
1.340434e+00
1.713381e+00
1.941292e+00
2.003449e+00
1.899854e+00
1.630504e+00
1.236837e+00
7.188568e-01
1.387177e-01
-4.414215e-01
-9.801216e-01
-1.435945e+00
-1.767453e+00
-1.953926e+00
-1.995364e+00
-1.850329e+00
-1.518822e+00
-1.104437e+00
-5.657368e-01
1.440239e-02
5.945415e-01
1.112522e+00
1.547626e+00
1.858415e+00
2.003449e+00
1.982731e+00
1.796257e+00
1.444030e+00
9.882069e-01
4.287872e-01
-1.513519e-01
-7.107716e-01
-1.228752e+00
-1.622418e+00
-1.891768e+00
-1.995364e+00
-1.933207e+00
-1.705295e+00
-1.332349e+00
-8.350868e-01
-2.756672e-01
3.044720e-01
8.638916e-01
1.340434e+00
1.713381e+00
1.941292e+00
2.003449e+00
1.899854e+00
1.651222e+00
1.236837e+00
7.188568e-01
1.387177e-01
-4.414215e-01
-9.801216e-01
-1.435945e+00
-1.767453e+00
-1.953926e+00
-1.995364e+00
-1.829611e+00
-1.518822e+00
-1.104437e+00
-5.657368e-01
1.440239e-02
5.738220e-01
1.112522e+00
1.547626e+00
1.858415e+00
2.003449e+00
1.982731e+00
1.796257e+00
1.444030e+00
9.882069e-01
4.495068e-01
-1.306324e-01
-7.107716e-01
-1.208034e+00
-1.622418e+00
-1.891768e+00
-1.995364e+00
-1.933207e+00
-1.705295e+00
-1.332349e+00
-8.350868e-01
-2.756672e-01
3.044720e-01
8.638916e-01
1.340434e+00
1.713381e+00
1.941292e+00
2.003449e+00
1.899854e+00
1.651222e+00
1.236837e+00
7.188568e-01
1.594372e-01
-4.207020e-01
-9.594021e-01
-1.435945e+00
-1.767453e+00
-1.953926e+00
-1.995364e+00
-1.850329e+00
-1.539541e+00
-1.104437e+00
-5.864553e-01
-6.317139e-03
5.738220e-01
1.112522e+00
1.547626e+00
1.837696e+00
1.982731e+00
1.982731e+00
1.796257e+00
1.464749e+00
9.882069e-01
4.495068e-01
-1.306324e-01
-7.107716e-01
-1.208034e+00
-1.622418e+00
-1.891768e+00
-1.995364e+00
-1.933207e+00
-1.705295e+00
-1.332349e+00
-8.558064e-01
-2.963867e-01
3.044720e-01
8.431721e-01
1.340434e+00
1.713381e+00
1.941292e+00
2.003449e+00
1.899854e+00
1.651222e+00
1.236837e+00
7.188568e-01
1.594372e-01
-4.414215e-01
-9.594021e-01
-1.435945e+00
-1.767453e+00
-1.953926e+00
-1.995364e+00
-1.850329e+00
-1.539541e+00
-1.125156e+00
-5.864553e-01
-6.317139e-03
5.738220e-01
1.112522e+00
1.547626e+00
1.837696e+00
2.003449e+00
1.982731e+00
1.796257e+00
1.464749e+00
9.882069e-01
4.495068e-01
-1.306324e-01
-6.900520e-01
-1.208034e+00
-1.601699e+00
-1.871049e+00
-1.995364e+00
-1.933207e+00
-1.705295e+00
-1.332349e+00
-8.558064e-01
-2.963867e-01
2.837524e-01
8.431721e-01
1.340434e+00
1.713381e+00
1.941292e+00
2.003449e+00
1.899854e+00
1.651222e+00
1.236837e+00
7.395754e-01
1.594372e-01
-4.207020e-01
-9.594021e-01
-1.415226e+00
-1.767453e+00
-1.953926e+00
-1.995364e+00
-1.850329e+00
-1.539541e+00
-1.104437e+00
-5.864553e-01
-6.317139e-03
5.738220e-01
1.091803e+00
1.547626e+00
1.858415e+00
1.982731e+00
1.982731e+00
