# Configuration automatically generated by LC_WRITE() v5.01
connection usb
#connection (actual) usb
device t4
#device (actual) t4
name "LJ5"
serial "440012438"
samplehz 2000.000000
settleus 1.000000
nsample 1000
downsample 0
dataformat ascii

# Analog Inputs
aichannel 0
ailabel "Nice looking channel label"
ainegative 199
airange 10.000000
airesolution 0
aicalslope 4.000000
aicalzero 5.000000
aicalunits "V"


## End Configuration ##
#: Tue Sep 30 10:48:47 2025
1.982731e+00
1.796257e+00
1.423311e+00
9.053297e-01
3.044720e-01
-3.171053e-01
-9.179640e-01
-1.415226e+00
-1.788172e+00
-1.974646e+00
-1.974646e+00
-1.767453e+00
-1.394506e+00
-8.972445e-01
-2.963867e-01
3.251905e-01
9.260492e-01
1.423311e+00
1.796257e+00
1.982731e+00
1.982731e+00
1.796257e+00
1.423311e+00
9.053297e-01
3.044720e-01
-3.171053e-01
-9.179640e-01
-1.415226e+00
-1.788172e+00
-1.974646e+00
-1.974646e+00
-1.788172e+00
-1.415226e+00
-8.972445e-01
-2.963867e-01
3.459101e-01
9.260492e-01
1.423311e+00
1.796257e+00
1.982731e+00
1.982731e+00
1.796257e+00
1.423311e+00
9.053297e-01
3.044720e-01
-3.171053e-01
-9.179640e-01
-1.415226e+00
-1.788172e+00
-1.974646e+00
-1.974646e+00
-1.767453e+00
-1.415226e+00
-8.972445e-01
-2.963867e-01
3.251905e-01
9.260492e-01
1.423311e+00
1.796257e+00
2.003449e+00
1.982731e+00
1.796257e+00
1.423311e+00
9.053297e-01
3.044720e-01
-3.171053e-01
-9.179640e-01
-1.415226e+00
-1.788172e+00
-1.974646e+00
-1.974646e+00
-1.767453e+00
-1.415226e+00
-8.972445e-01
-2.963867e-01
3.251905e-01
9.260492e-01
1.444030e+00
1.796257e+00
1.982731e+00
1.982731e+00
1.796257e+00
1.423311e+00
9.053297e-01
3.044720e-01
-3.171053e-01
-9.179640e-01
-1.415226e+00
-1.788172e+00
-1.974646e+00
-1.974646e+00
-1.767453e+00
-1.394506e+00
-8.972445e-01
-2.963867e-01
3.251905e-01
9.260492e-01
1.423311e+00
1.796257e+00
1.982731e+00
1.982731e+00
1.796257e+00
1.423311e+00
9.053297e-01
3.044720e-01
-3.171053e-01
-9.179640e-01
-1.415226e+00
-1.788172e+00
-1.974646e+00
-1.974646e+00
-1.767453e+00
-1.415226e+00
-8.972445e-01
-2.963867e-01
3.251905e-01
9.260492e-01
1.423311e+00
1.796257e+00
1.982731e+00
1.982731e+00
1.796257e+00
1.402592e+00
9.053297e-01
3.044720e-01
-3.171053e-01
-9.179640e-01
-1.415226e+00
-1.788172e+00
-1.974646e+00
-1.974646e+00
-1.767453e+00
-1.415226e+00
-8.972445e-01
-2.963867e-01
3.251905e-01
9.260492e-01
1.423311e+00
1.796257e+00
1.982731e+00
1.982731e+00
1.796257e+00
1.423311e+00
9.053297e-01
3.044720e-01
-3.171053e-01
-9.179640e-01
-1.415226e+00
-1.788172e+00
-1.974646e+00
-1.974646e+00
-1.767453e+00
-1.415226e+00
-8.972445e-01
-2.963867e-01
3.251905e-01
9.260492e-01
1.444030e+00
1.796257e+00
1.982731e+00
1.982731e+00
1.796257e+00
1.402592e+00
9.053297e-01
3.044720e-01
-3.171053e-01
-9.179640e-01
-1.415226e+00
-1.788172e+00
-1.974646e+00
-1.974646e+00
-1.767453e+00
-1.394506e+00
-8.972445e-01
-2.963867e-01
3.251905e-01
9.260492e-01
1.423311e+00
1.796257e+00
1.982731e+00
1.982731e+00
1.796257e+00
1.402592e+00
9.053297e-01
3.044720e-01
-3.171053e-01
-9.179640e-01
-1.415226e+00
-1.788172e+00
-1.974646e+00
-1.974646e+00
-1.767453e+00
-1.415226e+00
-8.972445e-01
-2.963867e-01
3.251905e-01
9.260492e-01
1.423311e+00
1.796257e+00
1.982731e+00
1.982731e+00
1.796257e+00
1.423311e+00
9.053297e-01
3.044720e-01
-3.171053e-01
-9.179640e-01
-1.415226e+00
-1.788172e+00
-1.974646e+00
-1.974646e+00
-1.767453e+00
-1.394506e+00
-8.972445e-01
-2.963867e-01
3.251905e-01
9.260492e-01
1.444030e+00
1.816977e+00
1.982731e+00
1.982731e+00
1.796257e+00
1.402592e+00
9.053297e-01
3.044720e-01
-3.171053e-01
-9.179640e-01
-1.415226e+00
-1.788172e+00
-1.974646e+00
-1.974646e+00
-1.788172e+00
-1.415226e+00
-8.972445e-01
-2.963867e-01
3.251905e-01
9.260492e-01
1.444030e+00
1.796257e+00
1.982731e+00
1.982731e+00
1.796257e+00
1.423311e+00
9.053297e-01
3.044720e-01
-3.171053e-01
-9.179640e-01
-1.415226e+00
-1.788172e+00
-1.974646e+00
-1.974646e+00
-1.767453e+00
-1.415226e+00
-8.972445e-01
-2.963867e-01
3.251905e-01
9.053297e-01
1.444030e+00
1.796257e+00
1.982731e+00
1.982731e+00
1.796257e+00
1.402592e+00
9.053297e-01
3.044720e-01
-3.171053e-01
-9.179640e-01
-1.415226e+00
-1.788172e+00
-1.974646e+00
-1.974646e+00
-1.767453e+00
-1.415226e+00
-8.972445e-01
-2.963867e-01
3.251905e-01
9.260492e-01
1.444030e+00
1.796257e+00
1.982731e+00
1.982731e+00
1.796257e+00
1.423311e+00
9.053297e-01
3.044720e-01
-3.171053e-01
-9.179640e-01
-1.415226e+00
-1.788172e+00
-1.974646e+00
-1.974646e+00
-1.767453e+00
-1.415226e+00
-8.972445e-01
-2.963867e-01
3.251905e-01
9.260492e-01
1.423311e+00
1.796257e+00
1.982731e+00
1.982731e+00
1.796257e+00
1.402592e+00
9.053297e-01
3.044720e-01
-3.171053e-01
-9.179640e-01
-1.415226e+00
-1.788172e+00
-1.974646e+00
-1.974646e+00
-1.767453e+00
-1.394506e+00
-8.972445e-01
-2.963867e-01
3.459101e-01
9.260492e-01
1.444030e+00
1.816977e+00
1.982731e+00
1.982731e+00
1.796257e+00
1.402592e+00
9.053297e-01
3.251905e-01
-3.171053e-01
-9.179640e-01
-1.415226e+00
-1.788172e+00
-1.974646e+00
-1.974646e+00
-1.767453e+00
-1.415226e+00
-8.972445e-01
-2.963867e-01
3.251905e-01
9.260492e-01
1.444030e+00
1.796257e+00
1.982731e+00
1.982731e+00
1.796257e+00
1.423311e+00
9.053297e-01
3.044720e-01
-3.171053e-01
-9.179640e-01
-1.415226e+00
-1.788172e+00
-1.974646e+00
-1.974646e+00
-1.788172e+00
-1.394506e+00
-8.972445e-01
-2.963867e-01
3.251905e-01
9.260492e-01
1.444030e+00
1.796257e+00
1.982731e+00
1.982731e+00
1.796257e+00
1.402592e+00
9.053297e-01
3.044720e-01
-3.171053e-01
-9.179640e-01
-1.415226e+00
-1.788172e+00
-1.974646e+00
-1.974646e+00
-1.767453e+00
-1.415226e+00
-8.972445e-01
-2.963867e-01
3.251905e-01
9.260492e-01
1.444030e+00
1.796257e+00
1.982731e+00
1.982731e+00
1.796257e+00
1.423311e+00
9.053297e-01
3.044720e-01
-3.171053e-01
-9.179640e-01
-1.415226e+00
-1.788172e+00
-1.974646e+00
-1.974646e+00
-1.767453e+00
-1.415226e+00
-8.972445e-01
-2.963867e-01
3.251905e-01
9.260492e-01
1.444030e+00
1.796257e+00
1.982731e+00
1.982731e+00
1.796257e+00
1.402592e+00
9.053297e-01
3.044720e-01
-3.171053e-01
-9.179640e-01
-1.415226e+00
-1.788172e+00
-1.974646e+00
-1.974646e+00
-1.767453e+00
-1.394506e+00
-8.972445e-01
-2.963867e-01
3.459101e-01
9.260492e-01
1.423311e+00
1.796257e+00
1.982731e+00
1.982731e+00
1.796257e+00
1.402592e+00
9.053297e-01
3.044720e-01
-3.171053e-01
-9.179640e-01
-1.415226e+00
-1.788172e+00
-1.995364e+00
-1.974646e+00
-1.767453e+00
-1.394506e+00
-8.972445e-01
-2.756672e-01
3.251905e-01
9.260492e-01
1.444030e+00
1.796257e+00
1.982731e+00
1.982731e+00
1.796257e+00
1.402592e+00
9.053297e-01
3.044720e-01
-3.378248e-01
-9.179640e-01
-1.415226e+00
-1.788172e+00
-1.974646e+00
-1.974646e+00
-1.767453e+00
-1.394506e+00
-8.972445e-01
-2.963867e-01
3.251905e-01
9.260492e-01
1.444030e+00
1.796257e+00
1.982731e+00
1.982731e+00
1.796257e+00
1.423311e+00
9.053297e-01
3.044720e-01
-3.378248e-01
-9.179640e-01
-1.415226e+00
-1.788172e+00
-1.974646e+00
-1.974646e+00
-1.767453e+00
-1.394506e+00
-8.972445e-01
-2.963867e-01
3.459101e-01
9.260492e-01
1.444030e+00
1.796257e+00
1.982731e+00
1.982731e+00
1.796257e+00
1.402592e+00
9.053297e-01
3.044720e-01
-3.171053e-01
-9.179640e-01
-1.415226e+00
-1.788172e+00
-1.974646e+00
-1.974646e+00
-1.767453e+00
-1.394506e+00
-8.972445e-01
-2.756672e-01
3.251905e-01
9.260492e-01
1.423311e+00
1.796257e+00
1.982731e+00
1.982731e+00
1.796257e+00
1.423311e+00
9.053297e-01
3.044720e-01
-3.171053e-01
-9.179640e-01
-1.415226e+00
-1.788172e+00
-1.974646e+00
-1.974646e+00
-1.767453e+00
-1.394506e+00
-8.972445e-01
-2.963867e-01
3.459101e-01
9.260492e-01
1.423311e+00
1.816977e+00
1.982731e+00
1.982731e+00
1.796257e+00
1.402592e+00
9.053297e-01
3.044720e-01
-3.171053e-01
-9.179640e-01
-1.415226e+00
-1.788172e+00
-1.974646e+00
-1.974646e+00
-1.767453e+00
-1.394506e+00
-8.972445e-01
-2.963867e-01
3.251905e-01
9.260492e-01
1.444030e+00
1.796257e+00
1.982731e+00
1.982731e+00
1.796257e+00
1.402592e+00
9.053297e-01
3.044720e-01
-3.171053e-01
-9.179640e-01
-1.415226e+00
-1.788172e+00
-1.974646e+00
-1.974646e+00
-1.767453e+00
-1.415226e+00
-8.972445e-01
-2.963867e-01
3.251905e-01
9.260492e-01
1.444030e+00
1.796257e+00
1.982731e+00
1.982731e+00
1.796257e+00
1.402592e+00
9.053297e-01
3.044720e-01
-3.171053e-01
-9.179640e-01
-1.415226e+00
-1.788172e+00
-1.974646e+00
-1.974646e+00
-1.767453e+00
-1.394506e+00
-8.972445e-01
-2.963867e-01
3.251905e-01
9.260492e-01
1.423311e+00
1.796257e+00
1.982731e+00
1.982731e+00
1.775538e+00
1.402592e+00
9.053297e-01
3.044720e-01
-3.171053e-01
-9.179640e-01
-1.435945e+00
-1.788172e+00
-1.974646e+00
-1.974646e+00
-1.767453e+00
-1.415226e+00
-8.972445e-01
-2.963867e-01
3.251905e-01
9.260492e-01
1.444030e+00
1.796257e+00
1.982731e+00
1.982731e+00
1.796257e+00
1.423311e+00
9.053297e-01
3.044720e-01
-3.171053e-01
-9.179640e-01
-1.435945e+00
-1.788172e+00
-1.974646e+00
-1.974646e+00
-1.767453e+00
-1.394506e+00
-8.972445e-01
-2.963867e-01
3.459101e-01
9.260492e-01
1.444030e+00
1.796257e+00
1.982731e+00
2.003449e+00
1.796257e+00
1.423311e+00
9.053297e-01
3.044720e-01
-3.171053e-01
-9.179640e-01
-1.415226e+00
-1.788172e+00
-1.974646e+00
-1.974646e+00
-1.767453e+00
-1.394506e+00
-8.972445e-01
-2.963867e-01
3.251905e-01
9.260492e-01
1.444030e+00
1.796257e+00
1.982731e+00
1.982731e+00
1.796257e+00
1.402592e+00
9.053297e-01
3.044720e-01
-3.171053e-01
-9.179640e-01
-1.415226e+00
-1.788172e+00
-1.974646e+00
-1.974646e+00
-1.767453e+00
-1.394506e+00
-8.972445e-01
-2.963867e-01
3.251905e-01
9.260492e-01
1.444030e+00
1.796257e+00
1.982731e+00
1.982731e+00
1.796257e+00
1.402592e+00
9.053297e-01
3.044720e-01
-3.171053e-01
-9.179640e-01
-1.415226e+00
-1.788172e+00
-1.974646e+00
-1.974646e+00
-1.767453e+00
-1.394506e+00
-8.972445e-01
-2.963867e-01
3.459101e-01
9.260492e-01
1.444030e+00
1.796257e+00
1.982731e+00
1.982731e+00
1.796257e+00
1.402592e+00
9.053297e-01
3.044720e-01
-3.171053e-01
-9.179640e-01
-1.415226e+00
-1.788172e+00
-1.974646e+00
-1.974646e+00
-1.767453e+00
-1.394506e+00
-8.972445e-01
-2.963867e-01
3.251905e-01
9.260492e-01
1.444030e+00
1.796257e+00
2.003449e+00
1.982731e+00
1.796257e+00
1.402592e+00
9.053297e-01
3.044720e-01
-3.378248e-01
-9.179640e-01
-1.415226e+00
-1.788172e+00
-1.974646e+00
-1.974646e+00
-1.767453e+00
-1.394506e+00
-8.972445e-01
-2.756672e-01
3.459101e-01
9.260492e-01
1.444030e+00
1.796257e+00
1.982731e+00
1.982731e+00
1.796257e+00
1.402592e+00
9.053297e-01
3.044720e-01
-3.171053e-01
-9.179640e-01
-1.415226e+00
-1.788172e+00
-1.974646e+00
-1.974646e+00
-1.767453e+00
-1.394506e+00
-8.972445e-01
-2.756672e-01
3.459101e-01
9.260492e-01
1.444030e+00
1.796257e+00
1.982731e+00
1.982731e+00
1.775538e+00
1.402592e+00
9.053297e-01
3.044720e-01
-3.171053e-01
-9.179640e-01
-1.415226e+00
-1.788172e+00
-1.974646e+00
-1.974646e+00
-1.767453e+00
-1.394506e+00
-8.972445e-01
-2.756672e-01
3.459101e-01
9.260492e-01
1.444030e+00
1.796257e+00
1.982731e+00
1.982731e+00
1.796257e+00
1.402592e+00
9.053297e-01
3.044720e-01
-3.171053e-01
-9.179640e-01
-1.415226e+00
-1.788172e+00
-1.974646e+00
-1.974646e+00
-1.767453e+00
-1.394506e+00
-8.972445e-01
-2.963867e-01
3.459101e-01
9.260492e-01
1.444030e+00
1.796257e+00
1.982731e+00
1.982731e+00
1.796257e+00
1.402592e+00
9.053297e-01
3.044720e-01
-3.171053e-01
-9.179640e-01
-1.415226e+00
-1.788172e+00
-1.974646e+00
-1.974646e+00
-1.767453e+00
-1.394506e+00
-8.972445e-01
-2.963867e-01
3.459101e-01
9.260492e-01
1.444030e+00
1.796257e+00
1.982731e+00
1.982731e+00
1.796257e+00
1.402592e+00
9.053297e-01
3.044720e-01
-3.378248e-01
-9.386826e-01
-1.415226e+00
-1.788172e+00
-1.974646e+00
-1.974646e+00
-1.767453e+00
-1.394506e+00
-8.972445e-01
-2.756672e-01
3.459101e-01
9.260492e-01
1.444030e+00
1.796257e+00
2.003449e+00
1.982731e+00
1.775538e+00
1.423311e+00
9.053297e-01
3.044720e-01
-3.378248e-01
-9.179640e-01
-1.415226e+00
-1.788172e+00
-1.974646e+00
-1.953926e+00
-1.767453e+00
-1.394506e+00
-8.972445e-01
-2.963867e-01
3.459101e-01
9.260492e-01
1.444030e+00
1.796257e+00
1.982731e+00
1.982731e+00
1.796257e+00
1.402592e+00
8.846102e-01
3.044720e-01
-3.171053e-01
-9.179640e-01
-1.415226e+00
-1.788172e+00
-1.974646e+00
-1.974646e+00
-1.767453e+00
-1.394506e+00
-8.765249e-01
-2.756672e-01
3.251905e-01
9.260492e-01
1.444030e+00
1.816977e+00
1.982731e+00
1.982731e+00
1.796257e+00
1.402592e+00
9.053297e-01
3.044720e-01
-3.171053e-01
-9.386826e-01
-1.435945e+00
-1.788172e+00
-1.974646e+00
-1.974646e+00
-1.767453e+00
-1.394506e+00
-8.972445e-01
-2.756672e-01
3.459101e-01
9.260492e-01
1.444030e+00
1.796257e+00
1.982731e+00
1.982731e+00
1.796257e+00
1.402592e+00
8.846102e-01
3.044720e-01
-3.378248e-01
-9.179640e-01
-1.415226e+00
-1.788172e+00
-1.974646e+00
-1.974646e+00
-1.767453e+00
-1.394506e+00
-8.765249e-01
-2.756672e-01
3.459101e-01
9.260492e-01
1.444030e+00
1.796257e+00
1.982731e+00
1.982731e+00
1.775538e+00
1.402592e+00
8.846102e-01
3.044720e-01
-3.378248e-01
-9.179640e-01
-1.415226e+00
-1.788172e+00
-1.974646e+00
-1.974646e+00
-1.767453e+00
-1.394506e+00
-8.972445e-01
-2.756672e-01
3.459101e-01
9.260492e-01
1.444030e+00
1.796257e+00
1.982731e+00
1.982731e+00
1.796257e+00
1.402592e+00
9.053297e-01
3.044720e-01
-3.171053e-01
-9.179640e-01
-1.435945e+00
-1.788172e+00
-1.974646e+00
-1.974646e+00
-1.767453e+00
-1.394506e+00
-8.765249e-01
-2.756672e-01
3.251905e-01
9.260492e-01
1.444030e+00
1.796257e+00
1.982731e+00
1.982731e+00
1.775538e+00
1.402592e+00
8.846102e-01
3.044720e-01
-3.171053e-01
-9.179640e-01
-1.435945e+00
-1.788172e+00
-1.974646e+00
-1.974646e+00
-1.767453e+00
-1.394506e+00
-8.972445e-01
-2.756672e-01
3.459101e-01
9.260492e-01
1.444030e+00
1.796257e+00
1.982731e+00
1.982731e+00
1.775538e+00
1.402592e+00
8.846102e-01
3.044720e-01
-3.378248e-01
-9.179640e-01
-1.415226e+00
-1.788172e+00
-1.974646e+00
-1.974646e+00
-1.767453e+00
-1.394506e+00
-8.765249e-01
-2.756672e-01
3.251905e-01
9.467688e-01
1.444030e+00
1.796257e+00
1.982731e+00
1.982731e+00
1.775538e+00
1.402592e+00
8.846102e-01
3.044720e-01
-3.378248e-01
-9.179640e-01
-1.415226e+00
-1.788172e+00
-1.974646e+00
-1.974646e+00
-1.767453e+00
-1.394506e+00
-8.972445e-01
-2.756672e-01
3.459101e-01
9.467688e-01
1.444030e+00
1.796257e+00
1.982731e+00
1.982731e+00
1.775538e+00
1.402592e+00
9.053297e-01
3.044720e-01
-3.378248e-01
-9.179640e-01
-1.435945e+00
-1.788172e+00
-1.974646e+00
-1.974646e+00
-1.767453e+00
-1.394506e+00
-8.765249e-01
-2.963867e-01
3.459101e-01
9.467688e-01
1.444030e+00
1.796257e+00
1.982731e+00
1.982731e+00
1.775538e+00
1.402592e+00
9.053297e-01
