# Configuration automatically generated by LC_WRITE() v5.01
connection usb
#connection (actual) usb
device any
#device (actual) t4
name "LJ5"
serial "440012438"
samplehz 2000.000000
settleus 100.000000
nsample 64
downsample 9
dataformat ascii

# Analog Inputs
aichannel 0
ainegative 199
airange 10.000000
airesolution 0
aicalslope 1.000000
aicalzero 0.000000
aicalunits "V"


## End Configuration ##
#: Tue Sep 30 11:25:42 2025
9.950602e-02
4.740755e-01
7.065196e-01
6.830501e-01
6.542861e-01
6.712441e-01
6.733350e-01
6.622591e-01
6.662516e-01
6.716800e-01
6.649318e-01
6.651371e-01
6.712358e-01
6.718480e-01
6.660284e-01
6.708128e-01
6.738116e-01
6.648043e-01
6.643865e-01
6.695049e-01
6.652887e-01
6.590496e-01
6.693045e-01
6.733140e-01
6.640266e-01
6.649838e-01
6.710741e-01
6.687556e-01
6.610836e-01
6.662957e-01
6.706855e-01
6.628213e-01
6.719956e-01
6.700384e-01
6.692410e-01
6.646263e-01
6.723345e-01
6.734002e-01
6.665334e-01
6.676264e-01
6.729193e-01
6.658721e-01
6.605155e-01
6.705808e-01
6.711549e-01
6.620506e-01
6.643352e-01
6.738472e-01
6.688789e-01
6.636695e-01
6.717655e-01
6.732719e-01
6.663820e-01
6.665755e-01
6.694357e-01
6.624154e-01
6.615207e-01
6.724367e-01
6.725546e-01
6.679043e-01
6.689584e-01
6.725876e-01
6.655803e-01
6.634345e-01
6.715548e-01
6.685486e-01
6.616342e-01
6.657173e-01
6.730315e-01
6.667466e-01
6.651281e-01
6.718381e-01
6.608214e-01
6.623841e-01
6.660951e-01
6.713089e-01
6.636279e-01
6.608188e-01
6.677852e-01
6.683338e-01
6.627055e-01
6.680366e-01
6.731469e-01
6.654183e-01
6.674642e-01
6.744517e-01
6.702782e-01
6.621314e-01
6.690927e-01
6.715165e-01
6.620653e-01
6.634529e-01
6.680435e-01
6.637633e-01
6.617538e-01
6.717583e-01
6.727578e-01
6.656111e-01
6.678412e-01
6.726853e-01
6.672593e-01
6.625332e-01
6.708567e-01
6.707203e-01
6.603356e-01
6.636225e-01
6.705431e-01
6.682141e-01
6.639023e-01
6.712968e-01
6.702300e-01
6.627478e-01
6.714705e-01
6.726441e-01
6.659039e-01
6.601786e-01
6.689421e-01
6.686482e-01
6.617153e-01
6.642805e-01
6.697171e-01
6.642580e-01
6.643222e-01
6.729468e-01
6.699041e-01
6.619852e-01
6.657516e-01
6.716453e-01
6.654415e-01
6.622397e-01
6.699342e-01
6.690408e-01
6.675194e-01
6.704904e-01
6.744542e-01
6.667277e-01
6.639340e-01
6.707964e-01
6.664032e-01
6.607682e-01
6.679161e-01
6.701299e-01
6.618457e-01
6.660157e-01
6.730235e-01
6.672313e-01
6.659979e-01
6.723674e-01
6.734767e-01
6.632575e-01
6.643925e-01
6.697097e-01
6.667167e-01
6.620959e-01
6.693670e-01
6.708933e-01
6.661063e-01
6.689874e-01
6.731678e-01
6.696829e-01
6.654374e-01
6.700688e-01
6.689430e-01
6.602973e-01
6.655671e-01
6.702051e-01
6.654989e-01
6.633102e-01
6.723785e-01
6.724154e-01
6.646597e-01
6.690129e-01
6.640661e-01
6.678925e-01
6.618976e-01
6.694813e-01
6.701829e-01
6.613882e-01
6.673125e-01
6.729336e-01
6.667554e-01
6.655398e-01
6.726888e-01
6.679445e-01
6.622775e-01
6.710379e-01
6.726790e-01
6.651979e-01
6.644825e-01
6.729120e-01
6.700193e-01
6.675230e-01
6.718116e-01
6.742688e-01
6.651398e-01
6.659025e-01
6.727708e-01
6.674858e-01
6.606637e-01
6.657636e-01
6.690991e-01
6.616736e-01
6.642746e-01
6.731757e-01
6.711663e-01
6.685036e-01
6.709398e-01
6.726215e-01
6.648668e-01
6.657243e-01
6.720053e-01
6.651598e-01
6.719058e-01
6.679624e-01
6.717923e-01
6.654340e-01
6.683826e-01
6.749688e-01
6.668059e-01
6.630978e-01
6.692523e-01
6.693078e-01
6.618509e-01
6.655105e-01
6.711505e-01
6.653996e-01
6.628648e-01
6.700195e-01
6.708557e-01
6.653718e-01
6.702076e-01
6.734735e-01
6.635207e-01
6.635764e-01
6.719058e-01
6.692299e-01
6.591226e-01
6.654437e-01
6.725708e-01
6.669186e-01
6.616829e-01
6.702271e-01
6.710745e-01
6.665174e-01
6.715492e-01
6.715898e-01
6.639810e-01
6.617063e-01
6.703378e-01
6.683365e-01
6.627013e-01
6.708116e-01
6.621082e-01
6.654336e-01
6.637800e-01
6.722955e-01
6.697246e-01
6.642557e-01
6.705756e-01
6.742047e-01
6.657014e-01
6.633068e-01
6.708124e-01
6.660968e-01
6.602624e-01
6.690984e-01
6.718449e-01
6.678650e-01
6.704498e-01
6.748496e-01
6.662549e-01
6.618024e-01
6.713226e-01
6.731818e-01
6.630248e-01
6.633538e-01
6.721078e-01
6.684104e-01
6.647492e-01
6.718774e-01
6.742207e-01
6.670677e-01
6.688061e-01
6.733074e-01
6.641229e-01
6.613925e-01
6.666789e-01
6.691812e-01
6.630993e-01
6.670340e-01
6.742564e-01
6.698131e-01
6.680416e-01
6.729457e-01
6.718808e-01
6.639455e-01
6.683468e-01
6.747598e-01
6.668484e-01
6.622234e-01
6.689869e-01
6.689905e-01
6.608967e-01
6.672341e-01
6.726131e-01
6.668383e-01
6.666396e-01
6.720269e-01
6.680680e-01
6.612545e-01
6.681119e-01
6.703716e-01
6.676045e-01
6.613429e-01
6.701270e-01
6.683700e-01
6.632386e-01
6.684441e-01
6.718717e-01
6.682045e-01
6.678691e-01
6.741419e-01
6.689475e-01
6.622144e-01
6.665360e-01
6.678945e-01
6.639210e-01
6.633908e-01
6.704525e-01
6.657258e-01
6.633233e-01
6.711697e-01
6.627826e-01
6.645021e-01
6.665659e-01
6.747911e-01
6.678469e-01
6.610641e-01
6.649968e-01
6.639131e-01
6.604024e-01
6.671404e-01
6.724266e-01
6.652212e-01
6.642059e-01
6.724330e-01
6.717664e-01
6.625861e-01
6.645980e-01
6.703296e-01
6.645949e-01
6.629743e-01
6.700868e-01
6.684832e-01
6.627182e-01
6.669618e-01
6.730976e-01
6.698850e-01
6.701356e-01
6.722903e-01
6.692896e-01
6.642991e-01
6.701181e-01
6.700708e-01
6.598945e-01
6.634389e-01
6.690203e-01
6.664505e-01
6.651345e-01
6.729535e-01
6.721443e-01
6.640291e-01
6.694964e-01
6.730468e-01
6.720591e-01
6.629059e-01
6.662932e-01
6.693775e-01
6.631739e-01
6.647682e-01
6.709724e-01
6.666948e-01
6.647765e-01
6.714637e-01
6.723075e-01
6.638556e-01
6.643326e-01
6.704959e-01
6.663869e-01
6.613970e-01
6.692454e-01
6.708369e-01
6.656049e-01
6.681716e-01
6.748313e-01
6.671588e-01
6.620579e-01
6.718215e-01
6.715835e-01
6.629194e-01
6.659347e-01
6.746709e-01
6.693150e-01
6.643128e-01
6.720019e-01
6.698162e-01
6.648523e-01
6.671143e-01
6.728601e-01
6.656670e-01
6.634515e-01
6.702541e-01
6.642496e-01
6.608023e-01
6.662783e-01
6.732403e-01
6.660222e-01
6.630165e-01
6.715566e-01
6.693985e-01
6.614743e-01
6.666424e-01
6.728206e-01
6.646817e-01
6.630771e-01
6.709322e-01
6.697139e-01
6.624312e-01
6.673569e-01
6.724227e-01
6.649597e-01
6.666394e-01
6.681549e-01
6.678445e-01
6.595047e-01
6.661334e-01
6.710643e-01
6.625330e-01
6.619146e-01
6.670041e-01
6.670380e-01
6.652287e-01
6.717782e-01
6.714282e-01
6.634160e-01
6.681658e-01
6.739671e-01
6.688799e-01
6.627206e-01
6.721904e-01
6.751574e-01
6.665187e-01
6.743660e-01
6.731862e-01
6.672199e-01
6.622781e-01
6.697187e-01
6.700754e-01
6.608667e-01
6.620549e-01
6.675730e-01
6.624292e-01
6.608419e-01
6.703831e-01
6.715700e-01
6.685379e-01
6.702677e-01
6.730604e-01
6.653261e-01
6.633274e-01
6.703714e-01
6.675533e-01
6.712396e-01
6.651542e-01
6.737697e-01
6.669001e-01
6.628331e-01
6.722430e-01
6.715670e-01
6.680566e-01
6.696470e-01
6.721692e-01
6.659274e-01
6.643032e-01
6.704322e-01
6.670213e-01
6.619598e-01
6.684924e-01
6.756828e-01
6.690602e-01
6.699513e-01
6.760557e-01
6.617527e-01
6.609943e-01
6.649534e-01
6.724468e-01
6.651313e-01
6.644689e-01
6.717283e-01
6.688296e-01
6.642598e-01
6.717898e-01
6.730291e-01
6.645352e-01
6.673049e-01
6.748585e-01
6.713156e-01
6.636168e-01
6.675970e-01
6.669201e-01
6.608227e-01
6.665063e-01
6.691912e-01
6.677036e-01
6.648886e-01
6.722571e-01
6.739288e-01
6.641596e-01
6.646678e-01
6.686036e-01
6.646175e-01
6.630813e-01
6.721346e-01
6.695087e-01
6.611696e-01
6.670022e-01
6.725249e-01
6.690802e-01
6.659401e-01
6.713655e-01
6.685070e-01
6.621870e-01
6.728296e-01
6.742186e-01
6.659166e-01
6.618442e-01
6.707175e-01
6.698810e-01
6.654476e-01
6.702656e-01
6.739234e-01
6.634378e-01
6.628763e-01
6.704535e-01
6.671940e-01
6.631265e-01
6.683613e-01
6.719886e-01
6.638364e-01
6.635636e-01
6.734675e-01
6.704321e-01
6.700164e-01
6.709657e-01
6.725133e-01
6.633108e-01
6.621335e-01
6.670552e-01
6.643069e-01
6.618432e-01
6.704162e-01
6.738377e-01
6.676679e-01
6.687306e-01
6.732192e-01
6.664665e-01
6.621903e-01
6.674182e-01
6.707238e-01
6.631377e-01
6.664882e-01
6.730060e-01
6.622617e-01
6.646992e-01
6.715963e-01
6.732181e-01
6.655815e-01
6.676257e-01
6.737386e-01
6.688392e-01
6.632494e-01
6.676374e-01
6.672369e-01
6.605753e-01
6.674650e-01
6.745370e-01
6.696510e-01
6.638743e-01
6.697640e-01
6.706801e-01
6.656517e-01
6.699216e-01
6.677839e-01
6.663292e-01
6.631660e-01
6.704782e-01
6.678918e-01
6.599823e-01
6.652323e-01
6.712794e-01
6.676744e-01
6.669154e-01
6.738959e-01
6.699587e-01
6.618911e-01
6.669634e-01
6.689613e-01
6.635349e-01
6.643014e-01
6.715603e-01
6.678990e-01
6.638081e-01
6.684178e-01
6.735842e-01
6.665936e-01
6.656125e-01
6.711920e-01
6.643156e-01
6.604373e-01
6.685483e-01
6.731118e-01
6.662437e-01
6.667894e-01
6.729853e-01
6.692849e-01
6.679321e-01
6.723023e-01
6.728089e-01
6.624827e-01
6.647181e-01
6.697764e-01
6.638049e-01
6.735481e-01
6.690909e-01
6.725158e-01
6.651684e-01
6.676444e-01
6.739881e-01
6.645833e-01
6.609001e-01
6.698623e-01
6.707055e-01
6.626660e-01
6.659340e-01
6.702586e-01
6.655162e-01
6.648594e-01
6.722364e-01
6.695215e-01
6.646477e-01
6.707026e-01
6.732731e-01
6.659688e-01
6.619391e-01
6.700936e-01
6.701632e-01
6.615471e-01
6.661965e-01
6.716948e-01
6.663806e-01
6.666726e-01
6.746983e-01
6.680691e-01
6.612755e-01
6.687178e-01
6.698575e-01
6.633530e-01
6.619850e-01
6.678791e-01
6.641858e-01
6.612977e-01
6.710758e-01
6.617850e-01
6.692410e-01
6.696462e-01
6.740767e-01
6.672146e-01
6.620139e-01
6.690691e-01
6.716226e-01
6.648785e-01
6.639668e-01
6.704749e-01
6.661308e-01
6.624106e-01
6.697762e-01
6.713943e-01
6.664077e-01
6.680050e-01
6.718427e-01
6.652265e-01
6.629964e-01
6.705549e-01
6.709983e-01
6.629342e-01
6.655726e-01
6.721030e-01
6.673551e-01
6.669114e-01
6.724636e-01
6.711184e-01
6.642587e-01
6.668666e-01
6.714427e-01
6.630924e-01
6.626546e-01
6.701105e-01
6.709600e-01
6.616112e-01
6.659239e-01
6.712531e-01
6.646154e-01
6.717356e-01
6.725611e-01
6.709216e-01
6.619015e-01
6.678718e-01
6.712323e-01
6.611149e-01
6.608748e-01
6.699753e-01
6.681889e-01
6.626660e-01
6.695813e-01
6.718970e-01
6.673313e-01
6.680132e-01
6.726770e-01
6.662556e-01
6.610389e-01
6.710187e-01
6.726422e-01
6.690260e-01
6.616472e-01
6.716206e-01
6.687064e-01
6.623113e-01
6.685439e-01
6.710081e-01
6.643916e-01
6.640610e-01
6.697763e-01
6.638910e-01
6.616342e-01
6.698146e-01
6.697160e-01
6.640063e-01
6.649242e-01
6.718273e-01
6.671068e-01
6.637022e-01
6.692763e-01
6.628773e-01
6.620484e-01
6.651103e-01
6.723268e-01
6.662275e-01
6.633457e-01
6.709163e-01
6.701811e-01
6.628284e-01
6.667261e-01
6.728386e-01
6.654625e-01
6.626932e-01
6.696636e-01
6.700318e-01
6.624101e-01
6.651221e-01
6.685429e-01
6.630000e-01
6.633412e-01
6.687315e-01
6.720648e-01
6.677128e-01
6.696116e-01
6.730496e-01
6.659040e-01
6.660681e-01
6.724518e-01
6.688981e-01
6.614384e-01
6.691012e-01
6.726059e-01
6.700316e-01
6.718190e-01
6.744335e-01
6.693971e-01
6.621120e-01
6.685389e-01
6.700410e-01
6.620294e-01
6.744880e-01
6.716731e-01
6.692071e-01
6.631429e-01
6.689608e-01
6.702434e-01
6.634848e-01
6.660705e-01
6.720951e-01
6.670012e-01
6.626170e-01
6.700910e-01
6.696581e-01
6.609170e-01
6.639343e-01
6.734754e-01
6.690179e-01
6.666045e-01
6.738832e-01
6.721172e-01
6.661803e-01
6.631811e-01
6.678384e-01
6.639574e-01
6.625739e-01
6.714409e-01
6.713077e-01
6.659426e-01
6.675512e-01
6.718858e-01
6.665622e-01
6.657020e-01
6.709411e-01
6.668045e-01
6.619586e-01
6.660241e-01
6.699199e-01
6.630216e-01
6.625883e-01
6.721354e-01
6.616576e-01
6.644751e-01
6.680749e-01
6.712236e-01
6.619990e-01
6.624139e-01
6.710530e-01
6.700212e-01
6.627312e-01
6.675526e-01
6.706336e-01
6.642855e-01
6.675082e-01
6.733661e-01
6.686868e-01
6.628924e-01
6.694209e-01
6.687765e-01
6.608276e-01
6.644329e-01
6.667059e-01
6.695031e-01
6.632104e-01
6.674083e-01
6.714733e-01
6.653628e-01
6.672631e-01
6.729840e-01
6.676062e-01
6.605500e-01
6.688627e-01
6.723341e-01
6.646302e-01
6.680313e-01
6.725059e-01
6.665948e-01
6.651387e-01
6.739324e-01
6.713282e-01
6.609887e-01
6.723681e-01
6.712449e-01
6.672105e-01
6.609364e-01
6.691485e-01
6.705766e-01
6.616675e-01
6.641400e-01
6.728428e-01
6.686860e-01
6.667922e-01
6.725542e-01
6.693522e-01
6.625926e-01
6.667397e-01
6.733814e-01
6.672868e-01
6.648025e-01
6.717607e-01
6.684867e-01
6.687034e-01
6.696114e-01
6.743848e-01
6.636874e-01
6.622656e-01
6.708119e-01
6.675471e-01
6.614894e-01
6.672324e-01
6.718499e-01
6.653456e-01
6.652142e-01
6.722106e-01
6.667442e-01
6.625297e-01
6.672835e-01
6.697100e-01
6.615938e-01
6.647219e-01
6.719684e-01
6.625743e-01
6.612663e-01
6.675465e-01
6.735702e-01
6.659597e-01
6.669693e-01
6.719520e-01
6.669876e-01
6.620654e-01
6.683698e-01
6.661544e-01
6.592282e-01
6.664788e-01
6.734080e-01
6.691300e-01
6.663466e-01
6.735644e-01
6.711089e-01
6.627608e-01
6.678001e-01
6.676525e-01
6.657169e-01
6.622904e-01
6.698399e-01
6.678457e-01
6.611322e-01
6.675198e-01
6.731634e-01
6.682176e-01
6.674125e-01
6.738634e-01
6.697895e-01
6.621730e-01
6.683646e-01
6.717777e-01
6.665947e-01
6.639372e-01
6.716707e-01
6.699004e-01
6.667515e-01
6.716632e-01
6.731291e-01
6.669781e-01
6.650515e-01
6.717293e-01
6.677814e-01
6.605554e-01
6.657313e-01
6.715578e-01
6.647626e-01
6.650505e-01
6.736421e-01
6.696401e-01
6.643205e-01
6.678927e-01
6.736494e-01
6.665254e-01
6.658298e-01
6.717051e-01
6.636319e-01
6.696056e-01
6.689235e-01
6.735258e-01
6.641912e-01
6.661343e-01
6.741651e-01
6.680133e-01
6.625720e-01
6.679069e-01
6.701438e-01
6.627262e-01
6.647210e-01
6.703584e-01
6.651266e-01
6.626539e-01
6.704569e-01
6.714522e-01
6.650610e-01
6.689582e-01
6.740186e-01
6.634017e-01
6.628837e-01
6.696865e-01
6.692723e-01
6.610458e-01
6.667388e-01
6.715581e-01
6.656457e-01
6.630924e-01
6.714510e-01
6.691979e-01
6.642135e-01
6.699396e-01
6.727843e-01
6.664274e-01
6.618558e-01
6.689252e-01
6.689994e-01
6.634472e-01
6.711861e-01
6.643847e-01
6.657767e-01
6.641967e-01
6.731488e-01
6.702061e-01
6.655521e-01
6.713789e-01
6.736038e-01
6.648142e-01
6.633705e-01
6.657839e-01
6.616341e-01
6.607883e-01
6.714257e-01
6.734523e-01
6.655545e-01
6.672577e-01
6.745729e-01
6.668217e-01
6.616606e-01
6.722717e-01
6.724229e-01
6.644906e-01
6.637768e-01
6.714923e-01
6.658388e-01
6.614558e-01
6.681043e-01
6.719622e-01
6.631526e-01
6.639615e-01
6.706672e-01
6.652874e-01
6.649638e-01
6.715505e-01
6.726246e-01
6.642827e-01
6.655570e-01
6.706688e-01
6.668930e-01
6.729571e-01
6.714930e-01
6.694669e-01
6.621941e-01
6.688356e-01
6.737720e-01
6.638291e-01
6.613503e-01
6.698598e-01
6.679488e-01
6.604781e-01
6.685653e-01
6.742831e-01
6.668178e-01
6.658629e-01
6.711634e-01
6.688078e-01
6.627843e-01
6.672807e-01
6.684435e-01
6.665927e-01
6.632392e-01
6.712352e-01
6.686194e-01
6.649684e-01
6.719583e-01
6.727516e-01
6.656211e-01
6.639332e-01
6.704380e-01
6.673448e-01
6.630032e-01
6.690787e-01
6.678668e-01
6.620945e-01
6.633736e-01
6.730274e-01
6.696119e-01
6.688171e-01
6.761384e-01
6.609430e-01
6.633061e-01
6.622242e-01
6.712910e-01
6.687230e-01
6.642394e-01
6.686709e-01
6.689490e-01
6.625112e-01
6.664713e-01
6.742093e-01
6.684727e-01
6.677936e-01
6.730294e-01
6.724819e-01
6.640945e-01
6.652717e-01
6.714620e-01
6.649112e-01
6.634476e-01
6.710630e-01
6.728466e-01
6.664930e-01
6.676962e-01
6.711638e-01
6.655598e-01
6.656611e-01
6.706236e-01
6.669104e-01
6.598208e-01
6.659650e-01
6.696110e-01
6.625515e-01
6.642255e-01
6.706913e-01
6.695451e-01
6.641514e-01
6.700836e-01
6.740689e-01
6.646706e-01
6.717282e-01
6.723393e-01
6.713109e-01
6.628704e-01
6.685136e-01
6.713238e-01
6.626209e-01
6.625702e-01
6.715787e-01
6.686638e-01
6.644685e-01
6.705958e-01
6.710873e-01
6.619016e-01
6.623131e-01
6.711293e-01
6.668091e-01
6.606522e-01
6.688089e-01
6.704457e-01
6.639415e-01
6.656377e-01
6.717935e-01
6.668283e-01
6.646974e-01
6.716075e-01
6.694499e-01
6.624939e-01
6.647395e-01
6.707801e-01
6.670461e-01
6.643637e-01
6.723122e-01
6.708165e-01
6.662357e-01
6.682306e-01
6.732606e-01
6.654303e-01
6.623725e-01
6.714866e-01
6.656284e-01
6.624466e-01
6.652179e-01
6.726868e-01
6.667015e-01
6.654499e-01
6.722217e-01
6.712877e-01
6.646600e-01
6.683862e-01
6.710347e-01
6.622164e-01
6.619315e-01
6.706827e-01
6.697076e-01
6.623236e-01
6.657996e-01
6.715333e-01
6.666135e-01
6.690179e-01
6.682686e-01
6.697476e-01
6.615857e-01
6.680849e-01
6.717566e-01
6.631322e-01
6.643610e-01
6.720303e-01
6.704646e-01
6.648147e-01
6.702025e-01
6.732779e-01
6.651798e-01
6.671691e-01
6.721614e-01
6.679536e-01
6.626818e-01
6.700597e-01
6.711517e-01
6.636124e-01
6.725667e-01
6.715586e-01
6.672148e-01
6.645269e-01
6.731635e-01
6.722769e-01
6.625823e-01
6.643125e-01
6.692058e-01
6.659499e-01
6.634681e-01
6.698235e-01
6.683342e-01
6.643383e-01
