# Configuration automatically generated by WRITE_CONFIG()
connection usb
#connection (actual) usb
device t7
#device (actual) t7
name "LJ2"
serial "470014042"
samplehz 20000.000000
settleus 1.000000
nsample 1000

# Analog Inputs
aichannel 0
ainegative 199
airange 1.000000
airesolution 0
aicalslope 1.000000
aicalzero 0.000000


## End Configuration ##
#: Fri Sep 27 17:58:49 2019
-1.057576e+00
-1.057766e+00
-1.057766e+00
-1.057766e+00
-1.057766e+00
-1.057766e+00
-1.057766e+00
-1.057797e+00
-1.057766e+00
-1.057766e+00
-1.057797e+00
-1.057766e+00
-1.057766e+00
-1.057766e+00
-1.057766e+00
-1.057766e+00
-1.057797e+00
-1.057766e+00
-1.057797e+00
-1.057766e+00
-1.057766e+00
-1.057797e+00
-1.057766e+00
-1.057797e+00
-1.057797e+00
-1.057766e+00
-1.057797e+00
-1.057797e+00
-1.057766e+00
-1.057766e+00
-1.057797e+00
-1.057766e+00
-1.057797e+00
-1.057797e+00
-1.057766e+00
-1.057797e+00
-1.057797e+00
-1.057766e+00
-1.057766e+00
-1.057766e+00
-1.057766e+00
-1.057797e+00
-1.057797e+00
-1.057797e+00
-1.057766e+00
-1.057766e+00
-1.057766e+00
-1.057797e+00
-1.057766e+00
-1.057766e+00
-1.057797e+00
-1.057797e+00
-1.057766e+00
-1.057797e+00
-1.057797e+00
-1.057766e+00
-1.057797e+00
-1.057766e+00
-1.057797e+00
-1.057797e+00
-1.057797e+00
-1.057766e+00
-1.057766e+00
-1.057797e+00
-1.057766e+00
-1.057797e+00
-1.057766e+00
-1.057766e+00
-1.057766e+00
-1.057766e+00
-1.057766e+00
-1.057766e+00
-1.057797e+00
-1.057766e+00
-1.057766e+00
-1.057766e+00
-1.057766e+00
-1.057797e+00
-1.057797e+00
-1.057797e+00
-1.057766e+00
-1.057766e+00
-1.057766e+00
-1.057766e+00
-1.057797e+00
-1.057829e+00
-1.057766e+00
-1.057829e+00
-1.057797e+00
-1.057766e+00
-1.057829e+00
-1.057797e+00
-1.057797e+00
-1.057766e+00
-1.057766e+00
-1.057766e+00
-1.057766e+00
-1.056724e+00
-1.053758e+00
-1.049686e+00
-1.046309e+00
-1.042680e+00
-1.037851e+00
-1.034001e+00
-1.029425e+00
-1.025385e+00
-1.022166e+00
-1.017432e+00
-1.013960e+00
-1.009479e+00
-1.005502e+00
-1.002125e+00
-9.970757e-01
-9.933832e-01
-9.895013e-01
-9.851144e-01
-9.818953e-01
-9.778872e-01
-9.743209e-01
-9.713542e-01
-9.670936e-01
-9.641270e-01
-9.599926e-01
-9.559214e-01
-9.527022e-01
-9.481576e-01
-9.447491e-01
-9.409303e-01
-9.365751e-01
-9.331981e-01
-9.286850e-01
-9.253396e-01
-9.215840e-01
-9.171340e-01
-9.140412e-01
-9.095596e-01
-9.057724e-01
-9.018590e-01
-8.973774e-01
-8.943477e-01
-8.902448e-01
-8.863945e-01
-8.831438e-01
-8.783152e-01
-8.750329e-01
-8.706776e-01
-8.659436e-01
-8.622195e-01
-8.570752e-01
-8.533511e-01
-8.490274e-01
-8.444828e-01
-8.409480e-01
-8.361194e-01
-8.318587e-01
-8.277243e-01
-8.228641e-01
-8.192347e-01
-8.142797e-01
-8.105557e-01
-8.062635e-01
-8.015926e-01
-7.979001e-01
-7.928189e-01
-7.888423e-01
-7.845502e-01
-7.797215e-01
-7.762183e-01
-7.715474e-01
-7.677918e-01
-7.638468e-01
-7.591128e-01
-7.555149e-01
-7.505915e-01
-7.466150e-01
-7.425122e-01
-7.373995e-01
-7.336438e-01
-7.285311e-01
-7.239864e-01
-7.201360e-01
-7.148340e-01
-7.107943e-01
-7.065021e-01
-7.014210e-01
-6.976653e-01
-6.928051e-01
-6.881973e-01
-6.844416e-01
-6.795183e-01
-6.757942e-01
-6.713442e-01
-6.663577e-01
-6.626021e-01
-6.571422e-01
-6.527238e-01
-6.486210e-01
-6.438238e-01
-6.402260e-01
-6.353657e-01
-6.308210e-01
-6.267183e-01
-6.215424e-01
-6.178499e-01
-6.135262e-01
-6.090446e-01
-6.054783e-01
-6.004287e-01
-5.965153e-01
-5.921600e-01
-5.871104e-01
-5.836388e-01
-5.787470e-01
-5.740129e-01
-5.698470e-01
-5.645134e-01
-5.610102e-01
-5.564656e-01
-5.518578e-01
-5.481021e-01
-5.431472e-01
-5.389813e-01
-5.339317e-01
-5.281562e-01
-5.237693e-01
-5.182148e-01
-5.131967e-01
-5.085574e-01
-5.033184e-01
-4.993418e-01
-4.944184e-01
-4.894004e-01
-4.852345e-01
-4.795852e-01
-4.750721e-01
-4.701172e-01
-4.649098e-01
-4.608701e-01
-4.552840e-01
-4.505815e-01
-4.460053e-01
-4.406717e-01
-4.364111e-01
-4.309196e-01
-4.258700e-01
-4.216094e-01
-4.157076e-01
-4.108474e-01
-4.054506e-01
-3.999907e-01
-3.955092e-01
-3.898284e-01
-3.851891e-01
-3.802972e-01
-3.748373e-01
-3.702927e-01
-3.646435e-01
-3.598463e-01
-3.552701e-01
-3.495577e-01
-3.452971e-01
-3.401528e-01
-3.351348e-01
-3.310951e-01
-3.256352e-01
-3.213746e-01
-3.167037e-01
-3.114647e-01
-3.073304e-01
-3.017442e-01
-2.972943e-01
-2.927496e-01
-2.877631e-01
-2.836603e-01
-2.784529e-01
-2.740976e-01
-2.695529e-01
-2.645033e-01
-2.604005e-01
-2.549722e-01
-2.506485e-01
-2.464510e-01
-2.416854e-01
-2.378982e-01
-2.329748e-01
-2.288089e-01
-2.249901e-01
-2.200983e-01
-2.163742e-01
-2.118296e-01
-2.076637e-01
-2.039080e-01
-1.992371e-01
-1.958286e-01
-1.912524e-01
-1.868024e-01
-1.832362e-01
-1.783759e-01
-1.744940e-01
-1.702019e-01
-1.656572e-01
-1.622803e-01
-1.574200e-01
-1.535697e-01
-1.493406e-01
-1.447329e-01
-1.413559e-01
-1.366535e-01
-1.323298e-01
-1.285741e-01
-1.236508e-01
-1.198635e-01
-1.154136e-01
-1.107111e-01
-1.073658e-01
-1.027264e-01
-9.852894e-02
-9.442613e-02
-8.988148e-02
-8.666235e-02
-8.233862e-02
-7.845673e-02
-7.523760e-02
-7.085075e-02
-6.778943e-02
-6.416002e-02
-6.008877e-02
-5.709057e-02
-5.295619e-02
-4.964239e-02
-4.645482e-02
-4.232045e-02
-3.944848e-02
-3.547192e-02
-3.200031e-02
-2.915990e-02
-2.464681e-02
-2.164861e-02
-1.779828e-02
-1.397951e-02
-1.098130e-02
-6.689132e-03
-3.280645e-03
1.909957e-04
4.420767e-03
7.451051e-03
1.123891e-02
1.471111e-02
1.770983e-02
2.171864e-02
2.493832e-02
2.850521e-02
3.216681e-02
3.494456e-02
3.882712e-02
4.217305e-02
4.539273e-02
4.927528e-02
5.230557e-02
5.647221e-02
6.035476e-02
6.354287e-02
6.761482e-02
7.032944e-02
7.440139e-02
7.796828e-02
8.077761e-02
8.481799e-02
8.781671e-02
9.160456e-02
9.507676e-02
9.798078e-02
1.022106e-01
1.053355e-01
1.083974e-01
1.126903e-01
1.154365e-01
1.195716e-01
1.229491e-01
1.258847e-01
1.295778e-01
1.326081e-01
1.369326e-01
1.408467e-01
1.445083e-01
1.489906e-01
1.523996e-01
1.559350e-01
1.600385e-01
1.630056e-01
1.670460e-01
1.709601e-01
1.741798e-01
1.787252e-01
1.822606e-01
1.863641e-01
1.906885e-01
1.940029e-01
1.985483e-01
2.019258e-01
2.059031e-01
2.105432e-01
2.137629e-01
2.184661e-01
2.225381e-01
2.259787e-01
2.305557e-01
2.340279e-01
2.380052e-01
2.424243e-01
2.461490e-01
2.510732e-01
2.549874e-01
2.592803e-01
2.636679e-01
2.672663e-01
2.718749e-01
2.754734e-01
2.797347e-01
2.844695e-01
2.878786e-01
2.926765e-01
2.964013e-01
3.002522e-01
3.049239e-01
3.082699e-01
3.128784e-01
3.168241e-01
3.206435e-01
3.252521e-01
3.287243e-01
3.333960e-01
3.374363e-01
3.413189e-01
3.460537e-01
3.494943e-01
3.542292e-01
3.581433e-01
3.622468e-01
3.669185e-01
3.703591e-01
3.749045e-01
3.791659e-01
3.828275e-01
3.878779e-01
3.916027e-01
3.958009e-01
4.004726e-01
4.042289e-01
4.095634e-01
4.139510e-01
4.185280e-01
4.236732e-01
4.272716e-01
4.321643e-01
4.364256e-01
4.402766e-01
4.451693e-01
4.487677e-01
4.535657e-01
4.579217e-01
4.618042e-01
4.668547e-01
4.704216e-01
4.748092e-01
4.795440e-01
4.831425e-01
4.882245e-01
4.924859e-01
4.965894e-01
5.016398e-01
5.055540e-01
5.101625e-01
5.149921e-01
5.190009e-01
5.243670e-01
5.287546e-01
5.336472e-01
5.385714e-01
5.426750e-01
5.478517e-01
5.516396e-01
5.556799e-01
5.605094e-01
5.642341e-01
5.693162e-01
5.738616e-01
5.780914e-01
5.836469e-01
5.880030e-01
5.924852e-01
5.975673e-01
6.015130e-01
6.068160e-01
6.112351e-01
6.157174e-01
6.208310e-01
6.246820e-01
6.299534e-01
6.347830e-01
6.391074e-01
6.446630e-01
6.490821e-01
6.537853e-01
6.590253e-01
6.631603e-01
6.684949e-01
6.731666e-01
6.778698e-01
6.832991e-01
6.874341e-01
6.928003e-01
6.975035e-01
7.018911e-01
7.070994e-01
7.111714e-01
7.163796e-01
7.212408e-01
7.251233e-01
7.308051e-01
7.355399e-01
7.400222e-01
7.450095e-01
7.489237e-01
7.541320e-01
7.587721e-01
7.632228e-01
7.684627e-01
7.723137e-01
7.774904e-01
7.827618e-01
7.868654e-01
7.923262e-01
7.966506e-01
8.013539e-01
8.062465e-01
8.101922e-01
8.155268e-01
8.200722e-01
8.247439e-01
8.301100e-01
8.342767e-01
8.392640e-01
8.443145e-01
8.486705e-01
8.542892e-01
8.589609e-01
8.640113e-01
8.695037e-01
8.736388e-01
8.788787e-01
8.832978e-01
8.875592e-01
8.927359e-01
8.966500e-01
9.019530e-01
9.072244e-01
9.122749e-01
9.181461e-01
9.227862e-01
9.283417e-01
9.338025e-01
9.386952e-01
9.448189e-01
9.499640e-01
9.550461e-01
9.609804e-01
9.658099e-01
9.715548e-01
9.768263e-01
9.817505e-01
9.876532e-01
9.924196e-01
9.979436e-01
1.003404e+00
1.008329e+00
1.010570e+00
1.010570e+00
1.010570e+00
1.010570e+00
1.010570e+00
1.010570e+00
1.010570e+00
1.010570e+00
1.010570e+00
1.010570e+00
1.010570e+00
1.010570e+00
1.010570e+00
1.010570e+00
1.010570e+00
1.010570e+00
1.010570e+00
1.010570e+00
1.010570e+00
1.010570e+00
1.010570e+00
1.010570e+00
1.010570e+00
1.010570e+00
1.010570e+00
1.010570e+00
1.010570e+00
1.010570e+00
1.010570e+00
1.010570e+00
1.010570e+00
1.010570e+00
1.010570e+00
1.010570e+00
1.010570e+00
1.010570e+00
1.010570e+00
1.010570e+00
1.010570e+00
1.010570e+00
1.010570e+00
1.010570e+00
1.010570e+00
1.010570e+00
1.010570e+00
1.010570e+00
1.010570e+00
1.010570e+00
1.010570e+00
1.010570e+00
1.010570e+00
1.010570e+00
1.010570e+00
1.010570e+00
1.010570e+00
1.010570e+00
1.010570e+00
1.010570e+00
1.010570e+00
1.010570e+00
1.010570e+00
1.010570e+00
1.010570e+00
1.010570e+00
1.010570e+00
1.010570e+00
1.010570e+00
1.010570e+00
1.010570e+00
1.010570e+00
1.010570e+00
1.010570e+00
1.010570e+00
1.010570e+00
1.010570e+00
1.010570e+00
1.010570e+00
1.010570e+00
1.010570e+00
1.010570e+00
1.010570e+00
1.010570e+00
1.010570e+00
1.010570e+00
1.010570e+00
1.010570e+00
1.010570e+00
1.010570e+00
1.010570e+00
1.010570e+00
1.010570e+00
1.010570e+00
1.010570e+00
1.010570e+00
1.010570e+00
1.010570e+00
1.010570e+00
1.010570e+00
1.010570e+00
1.010570e+00
1.010570e+00
1.010570e+00
1.010570e+00
1.010570e+00
1.010570e+00
1.010570e+00
1.010570e+00
1.010570e+00
1.010570e+00
1.010570e+00
1.010570e+00
1.010570e+00
1.010570e+00
1.010570e+00
1.010570e+00
1.010570e+00
1.010570e+00
1.010570e+00
1.010570e+00
1.010570e+00
1.010570e+00
1.010570e+00
1.010570e+00
1.010570e+00
1.010570e+00
1.010570e+00
1.010570e+00
1.010570e+00
1.010570e+00
1.010570e+00
1.010570e+00
1.010570e+00
1.010570e+00
1.010570e+00
1.010570e+00
1.010570e+00
1.010570e+00
1.010570e+00
1.010570e+00
1.010570e+00
1.010570e+00
1.010570e+00
1.010570e+00
1.010570e+00
1.010570e+00
1.010570e+00
1.010570e+00
1.010570e+00
1.010570e+00
1.010570e+00
1.010570e+00
1.010570e+00
1.010570e+00
1.010570e+00
1.010570e+00
1.010570e+00
1.010570e+00
1.010570e+00
1.010570e+00
1.010570e+00
1.010570e+00
1.010570e+00
1.010570e+00
1.010570e+00
1.010570e+00
1.010570e+00
1.010570e+00
1.010570e+00
1.010570e+00
1.010570e+00
1.010570e+00
1.010570e+00
1.010570e+00
1.010570e+00
1.010570e+00
1.010570e+00
1.010570e+00
1.010570e+00
1.010570e+00
1.010570e+00
1.010570e+00
1.010570e+00
1.010570e+00
1.010570e+00
1.010570e+00
1.010570e+00
1.010570e+00
1.010570e+00
1.010570e+00
1.010570e+00
1.010570e+00
1.010570e+00
1.010570e+00
1.010570e+00
1.010570e+00
1.010570e+00
1.010570e+00
1.010570e+00
1.010570e+00
1.010570e+00
1.010570e+00
1.010570e+00
1.010570e+00
1.010570e+00
1.010570e+00
1.010570e+00
1.010570e+00
1.010570e+00
1.010570e+00
1.010570e+00
1.010570e+00
1.010570e+00
1.010570e+00
1.010570e+00
1.010570e+00
1.010570e+00
1.010570e+00
1.010570e+00
1.010570e+00
1.010570e+00
1.010570e+00
1.010570e+00
1.010570e+00
1.010570e+00
1.010570e+00
1.010570e+00
1.010570e+00
1.010570e+00
1.010570e+00
1.010570e+00
1.010570e+00
1.010570e+00
1.010570e+00
1.010570e+00
1.010570e+00
1.010570e+00
1.010570e+00
1.010570e+00
1.010570e+00
1.010570e+00
1.010570e+00
1.010570e+00
1.010570e+00
1.010570e+00
1.010570e+00
1.010570e+00
1.010570e+00
1.010570e+00
1.010570e+00
1.010570e+00
1.010570e+00
1.010570e+00
1.010570e+00
1.010570e+00
1.010570e+00
1.010570e+00
1.010570e+00
1.010570e+00
1.010570e+00
1.010570e+00
1.010570e+00
1.010570e+00
1.010570e+00
1.010570e+00
1.010570e+00
1.010570e+00
1.010570e+00
1.010570e+00
1.010570e+00
1.010570e+00
1.010570e+00
1.010570e+00
1.010570e+00
1.010570e+00
1.010570e+00
1.010570e+00
1.010570e+00
1.010570e+00
1.010570e+00
1.010570e+00
1.010570e+00
1.010570e+00
1.010570e+00
1.010570e+00
1.010570e+00
1.010570e+00
1.010570e+00
1.010570e+00
1.010570e+00
1.010570e+00
1.010570e+00
1.010570e+00
1.010570e+00
1.010570e+00
1.010570e+00
1.010570e+00
1.010570e+00
1.010570e+00
1.010570e+00
1.010570e+00
1.010570e+00
1.010570e+00
1.010570e+00
1.010570e+00
1.010570e+00
1.010570e+00
1.010570e+00
1.010570e+00
1.010570e+00
1.010570e+00
1.010570e+00
1.010570e+00
1.010570e+00
1.010570e+00
1.010570e+00
1.010570e+00
1.010570e+00
1.010570e+00
1.010570e+00
1.010570e+00
1.010570e+00
1.010570e+00
1.010570e+00
1.010570e+00
1.010570e+00
1.010570e+00
1.010570e+00
1.010570e+00
1.010570e+00
1.010570e+00
1.010570e+00
1.010570e+00
1.010570e+00
1.010570e+00
1.010570e+00
1.010570e+00
1.010570e+00
1.010570e+00
1.010570e+00
1.010570e+00
1.010570e+00
1.010570e+00
1.010570e+00
1.010570e+00
1.010570e+00
1.010570e+00
1.010570e+00
1.010570e+00
1.010570e+00
1.010570e+00
1.010570e+00
1.010570e+00
1.010570e+00
1.010570e+00
1.010570e+00
1.010570e+00
1.010570e+00
1.010570e+00
1.010570e+00
1.010570e+00
1.010570e+00
1.010570e+00
1.010570e+00
1.010570e+00
1.010570e+00
1.010570e+00
1.010570e+00
1.010570e+00
1.010570e+00
1.010570e+00
1.010570e+00
1.010570e+00
1.010570e+00
1.010570e+00
1.010570e+00
1.010570e+00
1.010570e+00
1.010570e+00
1.010570e+00
1.010570e+00
1.010570e+00
1.010570e+00
1.010570e+00
1.010570e+00
1.010570e+00
1.010570e+00
1.010570e+00
1.010570e+00
1.010570e+00
1.010570e+00
1.010570e+00
1.010570e+00
1.010570e+00
1.010570e+00
1.010570e+00
1.010570e+00
1.010570e+00
1.010570e+00
1.010570e+00
1.010570e+00
1.010570e+00
1.010570e+00
1.010570e+00
1.010570e+00
1.010570e+00
1.010570e+00
1.010570e+00
1.010570e+00
1.010570e+00
1.010570e+00
1.010570e+00
1.010570e+00
1.010570e+00
1.010570e+00
1.010570e+00
1.010570e+00
1.010570e+00
1.010570e+00
1.010570e+00
1.010570e+00
1.010570e+00
1.010570e+00
1.010570e+00
1.010570e+00
1.010570e+00
1.010570e+00
1.010570e+00
1.010570e+00
1.010570e+00
1.010570e+00
1.010570e+00
1.010570e+00
1.010570e+00
1.010570e+00
1.010570e+00
1.010570e+00
1.010570e+00
1.010570e+00
1.010570e+00
1.010570e+00
1.010570e+00
1.010570e+00
1.010570e+00
1.010570e+00
1.010570e+00
1.010570e+00
1.010570e+00
1.010570e+00
