# Configuration automatically generated by WRITE_CONFIG()
connection usb
#connection (actual) usb
device t7
#device (actual) t7
name "LJ2"
serial "470014042"
samplehz 2000.000000
settleus 1.000000
nsample 1000

# Analog Inputs
aichannel 0
ainegative 199
airange 1.000000
airesolution 0
aicalslope 1.000000
aicalzero 0.000000


## End Configuration ##
#: Fri Sep 27 17:58:46 2019
1.010570e+00
1.010570e+00
1.010570e+00
1.010570e+00
1.010570e+00
1.010570e+00
1.010570e+00
1.010570e+00
1.010570e+00
1.010570e+00
1.010570e+00
1.010570e+00
1.010570e+00
1.010570e+00
1.010570e+00
1.010570e+00
1.010570e+00
1.010570e+00
1.010570e+00
1.010570e+00
1.010570e+00
1.010570e+00
1.010570e+00
1.010570e+00
1.010570e+00
1.010570e+00
1.010570e+00
1.010570e+00
1.010570e+00
1.010570e+00
1.010570e+00
1.010570e+00
1.010570e+00
1.010570e+00
1.010570e+00
1.010570e+00
1.010570e+00
1.010570e+00
1.010570e+00
1.010570e+00
1.010570e+00
1.010570e+00
1.010570e+00
1.010570e+00
1.010570e+00
1.010570e+00
1.010570e+00
1.010570e+00
1.010570e+00
1.010570e+00
1.010570e+00
1.010570e+00
1.010570e+00
1.010570e+00
1.010570e+00
1.010570e+00
1.010570e+00
1.010570e+00
1.010570e+00
1.010570e+00
1.010570e+00
1.010570e+00
1.010570e+00
1.010570e+00
1.010570e+00
1.010570e+00
1.010570e+00
1.010570e+00
1.010570e+00
1.010570e+00
1.010570e+00
1.010570e+00
1.010570e+00
1.010570e+00
1.010570e+00
1.010570e+00
1.010570e+00
1.010570e+00
1.010570e+00
1.010570e+00
1.010570e+00
1.010570e+00
1.010570e+00
1.010570e+00
1.010570e+00
1.010570e+00
1.010570e+00
1.010570e+00
1.010570e+00
1.010570e+00
1.010570e+00
1.010570e+00
1.010570e+00
1.010570e+00
1.010570e+00
1.010570e+00
1.010570e+00
1.010570e+00
1.010570e+00
1.010570e+00
1.010570e+00
1.010570e+00
1.010570e+00
1.010570e+00
1.010570e+00
1.010570e+00
1.010570e+00
1.010570e+00
1.010570e+00
1.010570e+00
1.010570e+00
1.010570e+00
1.010570e+00
1.010570e+00
1.010570e+00
1.010570e+00
1.010570e+00
1.010570e+00
1.010570e+00
1.010570e+00
1.010570e+00
1.010570e+00
1.010570e+00
1.010570e+00
1.010570e+00
1.010570e+00
1.010570e+00
1.010570e+00
1.010570e+00
1.010570e+00
1.010570e+00
1.010570e+00
1.010570e+00
1.010570e+00
1.010570e+00
1.010570e+00
1.010570e+00
1.010570e+00
1.010570e+00
1.010570e+00
1.010570e+00
1.010570e+00
1.010570e+00
1.010570e+00
1.010570e+00
1.010570e+00
1.010570e+00
1.010570e+00
1.010570e+00
1.010570e+00
1.010570e+00
1.010570e+00
1.010570e+00
1.010570e+00
1.010570e+00
1.010570e+00
1.010570e+00
1.010570e+00
1.010570e+00
1.010570e+00
1.010570e+00
1.010570e+00
1.010570e+00
1.010570e+00
1.010570e+00
1.010570e+00
1.010570e+00
1.010570e+00
1.010570e+00
1.010570e+00
1.010570e+00
1.010570e+00
1.010570e+00
1.010570e+00
1.010570e+00
1.010570e+00
1.010570e+00
1.010570e+00
1.010570e+00
1.010570e+00
1.010570e+00
1.010570e+00
1.010570e+00
1.010570e+00
1.010570e+00
1.010570e+00
1.010570e+00
1.010570e+00
1.010570e+00
1.010570e+00
1.010570e+00
1.010570e+00
1.010570e+00
1.010570e+00
1.010570e+00
1.010570e+00
1.010570e+00
1.010570e+00
1.010570e+00
1.010570e+00
1.010570e+00
1.010570e+00
1.010570e+00
1.010570e+00
1.010570e+00
1.010570e+00
1.010570e+00
1.010570e+00
1.010570e+00
1.010570e+00
1.010570e+00
1.010570e+00
1.010570e+00
1.010570e+00
1.010570e+00
1.010570e+00
1.010570e+00
1.010570e+00
1.010570e+00
1.010570e+00
1.010570e+00
1.010570e+00
1.010570e+00
1.010570e+00
1.010570e+00
1.010570e+00
1.010570e+00
1.010570e+00
1.010570e+00
1.010570e+00
1.010570e+00
1.010570e+00
1.010570e+00
1.010570e+00
1.010570e+00
1.010570e+00
1.010570e+00
1.010570e+00
1.010570e+00
1.010570e+00
1.010570e+00
1.010570e+00
1.010570e+00
1.010570e+00
1.010570e+00
1.010570e+00
1.010570e+00
1.010570e+00
1.010570e+00
1.010570e+00
1.010570e+00
1.010570e+00
1.010570e+00
1.010570e+00
1.010570e+00
1.010570e+00
1.010570e+00
1.010570e+00
1.010570e+00
1.010570e+00
1.010570e+00
1.010570e+00
1.010570e+00
1.010570e+00
1.010570e+00
1.010570e+00
1.010570e+00
1.010570e+00
1.010570e+00
1.010570e+00
1.010570e+00
1.010570e+00
1.010570e+00
1.010570e+00
1.010570e+00
1.010570e+00
1.010570e+00
1.010570e+00
1.010570e+00
1.010570e+00
1.010570e+00
1.010570e+00
1.010570e+00
1.010570e+00
1.010570e+00
1.010570e+00
1.010570e+00
1.010570e+00
1.010570e+00
1.010570e+00
1.010570e+00
1.010570e+00
1.010570e+00
1.010570e+00
1.010570e+00
1.010570e+00
1.010570e+00
1.010570e+00
1.010570e+00
1.010570e+00
1.010570e+00
1.010570e+00
1.010570e+00
1.010570e+00
1.010570e+00
1.010570e+00
1.010570e+00
1.010570e+00
1.010570e+00
1.010570e+00
1.010570e+00
1.010570e+00
1.010570e+00
1.010570e+00
1.010570e+00
1.010570e+00
1.010570e+00
1.010570e+00
1.010570e+00
1.010570e+00
1.010570e+00
1.010570e+00
1.010570e+00
1.010570e+00
1.010570e+00
1.010570e+00
1.010570e+00
1.010570e+00
1.010570e+00
1.010570e+00
1.010570e+00
1.010570e+00
1.010570e+00
1.010570e+00
1.010570e+00
1.010570e+00
1.010570e+00
1.010570e+00
1.010570e+00
1.010570e+00
1.010570e+00
1.010570e+00
1.010570e+00
1.010570e+00
1.010570e+00
1.010570e+00
1.010570e+00
1.010570e+00
1.010570e+00
1.010570e+00
1.010570e+00
1.010570e+00
1.010570e+00
1.010570e+00
1.010570e+00
1.010570e+00
1.010570e+00
1.010570e+00
1.010570e+00
1.010570e+00
1.010570e+00
1.010570e+00
1.010570e+00
1.010570e+00
1.010570e+00
1.010570e+00
1.010570e+00
1.010570e+00
1.010570e+00
1.010570e+00
1.010570e+00
1.010570e+00
1.010570e+00
1.010570e+00
1.010570e+00
1.010570e+00
1.010570e+00
1.010570e+00
1.010570e+00
1.010570e+00
1.010570e+00
1.010570e+00
1.010570e+00
1.010570e+00
1.010570e+00
1.010570e+00
1.010570e+00
1.010570e+00
1.010570e+00
1.010570e+00
1.010570e+00
1.010570e+00
1.010570e+00
1.010570e+00
1.010570e+00
1.010570e+00
1.010570e+00
1.010570e+00
1.010570e+00
1.010570e+00
1.010570e+00
1.010570e+00
1.010570e+00
1.010570e+00
1.010570e+00
1.010570e+00
1.010570e+00
1.010570e+00
1.010570e+00
1.010570e+00
1.010570e+00
1.010570e+00
1.010570e+00
1.010570e+00
1.010570e+00
1.010570e+00
1.010570e+00
1.010570e+00
1.010570e+00
1.010570e+00
1.010570e+00
1.010570e+00
1.010570e+00
1.010570e+00
1.010570e+00
1.010570e+00
1.010570e+00
1.010570e+00
1.010570e+00
1.010570e+00
1.010570e+00
1.010570e+00
1.010570e+00
1.010570e+00
1.010570e+00
1.010570e+00
1.010570e+00
1.010570e+00
1.010570e+00
1.010570e+00
1.010570e+00
1.010570e+00
1.010570e+00
1.010570e+00
1.010570e+00
1.010570e+00
1.010570e+00
1.010570e+00
1.010570e+00
1.010570e+00
1.010570e+00
1.010570e+00
1.010570e+00
1.010570e+00
1.010570e+00
1.010570e+00
1.010570e+00
1.010570e+00
1.010570e+00
1.010570e+00
1.010570e+00
1.010570e+00
1.010570e+00
1.010570e+00
1.010570e+00
1.010570e+00
1.010570e+00
1.010570e+00
1.010570e+00
1.010570e+00
1.010570e+00
1.010570e+00
1.010570e+00
1.010570e+00
1.010570e+00
1.010570e+00
1.010570e+00
1.010570e+00
1.010570e+00
1.010570e+00
1.010570e+00
1.010570e+00
1.010570e+00
1.010570e+00
1.010570e+00
1.010570e+00
1.010570e+00
1.010570e+00
1.010570e+00
1.010570e+00
1.010570e+00
1.010570e+00
1.010570e+00
1.010570e+00
1.010570e+00
1.010570e+00
1.010570e+00
1.010570e+00
1.010570e+00
1.010570e+00
1.010570e+00
1.010570e+00
1.010570e+00
1.010570e+00
1.010570e+00
1.010570e+00
1.010570e+00
1.010570e+00
1.010570e+00
1.010570e+00
1.010570e+00
1.010570e+00
1.010570e+00
1.010570e+00
1.010570e+00
1.010570e+00
1.010570e+00
1.010570e+00
1.010570e+00
1.010570e+00
1.010570e+00
1.010570e+00
1.010570e+00
1.010570e+00
1.010570e+00
1.010570e+00
1.010570e+00
1.010570e+00
1.010570e+00
1.010570e+00
1.010570e+00
1.010570e+00
1.010570e+00
1.010570e+00
1.010570e+00
1.010570e+00
1.010570e+00
1.010570e+00
1.010570e+00
1.010570e+00
1.010570e+00
1.010570e+00
1.010570e+00
1.010570e+00
1.010570e+00
1.010570e+00
1.010570e+00
1.010570e+00
1.010570e+00
1.010570e+00
1.010570e+00
1.010570e+00
1.010570e+00
1.010570e+00
1.010570e+00
1.010570e+00
1.010570e+00
1.010570e+00
1.010570e+00
1.010570e+00
1.010570e+00
1.010570e+00
1.010570e+00
1.010570e+00
1.010570e+00
1.010570e+00
1.010570e+00
1.010570e+00
1.010570e+00
1.010570e+00
1.010570e+00
1.010570e+00
1.010570e+00
1.010570e+00
1.010570e+00
1.010570e+00
1.010570e+00
1.010570e+00
1.010570e+00
1.010570e+00
1.010570e+00
1.010570e+00
1.010570e+00
1.010570e+00
1.010570e+00
1.010570e+00
1.010570e+00
1.010570e+00
1.010570e+00
1.010570e+00
1.010570e+00
1.010570e+00
1.010570e+00
1.010570e+00
1.010570e+00
1.010570e+00
1.010570e+00
1.010570e+00
1.010570e+00
1.010570e+00
1.010570e+00
1.010570e+00
1.010570e+00
1.010570e+00
1.010570e+00
1.010570e+00
1.010570e+00
1.010570e+00
1.010570e+00
1.010570e+00
1.010570e+00
1.010570e+00
1.010570e+00
1.010570e+00
1.010570e+00
1.010570e+00
1.010570e+00
1.010570e+00
1.010570e+00
1.010570e+00
1.010570e+00
1.010570e+00
1.010570e+00
1.010570e+00
1.010570e+00
1.010570e+00
1.010570e+00
1.010570e+00
1.010570e+00
1.010570e+00
1.010570e+00
1.010570e+00
1.010570e+00
1.010570e+00
1.010570e+00
1.010570e+00
1.010570e+00
1.010570e+00
1.010570e+00
1.010570e+00
1.010570e+00
1.010570e+00
1.010570e+00
1.010570e+00
1.010570e+00
1.010570e+00
1.010570e+00
1.010570e+00
1.010570e+00
1.010570e+00
1.010570e+00
1.010570e+00
1.010570e+00
1.010570e+00
1.010570e+00
1.010570e+00
1.010570e+00
1.010570e+00
1.010570e+00
1.010570e+00
1.010570e+00
1.010570e+00
1.010570e+00
1.010570e+00
1.010570e+00
1.010570e+00
1.010570e+00
1.010570e+00
1.010570e+00
1.010570e+00
1.010570e+00
1.010570e+00
1.010570e+00
1.010570e+00
1.010570e+00
1.010570e+00
1.010570e+00
1.010570e+00
1.010570e+00
1.010570e+00
1.010570e+00
1.010570e+00
1.010570e+00
1.010570e+00
1.010570e+00
1.010570e+00
1.010570e+00
1.010570e+00
1.010570e+00
1.010570e+00
1.010570e+00
1.010570e+00
1.010570e+00
1.010570e+00
1.010570e+00
1.010570e+00
1.010570e+00
1.010570e+00
1.010570e+00
1.010570e+00
1.010570e+00
1.010570e+00
1.010570e+00
1.010570e+00
1.010570e+00
1.010570e+00
1.010570e+00
1.010570e+00
1.010570e+00
1.010570e+00
1.010570e+00
1.010570e+00
1.010570e+00
1.010570e+00
1.010570e+00
1.010570e+00
1.010570e+00
1.010570e+00
1.010570e+00
1.010570e+00
1.010570e+00
1.010570e+00
1.010570e+00
1.010570e+00
1.010570e+00
1.010570e+00
1.010570e+00
1.010570e+00
1.010570e+00
1.010570e+00
1.010570e+00
1.010570e+00
1.010570e+00
1.010570e+00
1.010570e+00
1.010570e+00
1.010570e+00
1.010570e+00
1.010570e+00
1.010570e+00
1.010570e+00
1.010570e+00
1.010570e+00
1.010570e+00
1.010570e+00
1.010570e+00
1.010570e+00
1.010570e+00
1.010570e+00
1.010570e+00
1.010570e+00
1.010570e+00
1.010570e+00
1.010570e+00
1.010570e+00
1.010570e+00
1.010570e+00
1.010570e+00
1.010570e+00
1.010570e+00
1.010570e+00
1.010570e+00
1.010570e+00
1.010570e+00
1.010570e+00
1.010570e+00
1.010570e+00
1.010570e+00
1.010570e+00
1.010570e+00
1.010570e+00
1.010570e+00
1.010570e+00
1.010570e+00
1.010570e+00
1.010570e+00
1.010570e+00
1.010570e+00
1.010570e+00
1.010570e+00
1.010570e+00
1.010570e+00
1.010570e+00
1.010570e+00
1.010570e+00
1.010570e+00
1.010570e+00
1.010570e+00
1.010570e+00
1.010570e+00
1.010570e+00
1.010570e+00
1.010570e+00
1.010570e+00
1.010570e+00
1.010570e+00
1.010570e+00
1.010570e+00
1.010570e+00
1.010570e+00
1.010570e+00
1.010570e+00
1.010570e+00
1.010570e+00
1.010570e+00
1.010570e+00
1.010570e+00
1.010570e+00
1.010570e+00
1.010570e+00
1.010570e+00
1.010570e+00
1.010570e+00
1.010570e+00
1.010570e+00
1.010570e+00
1.010570e+00
1.010570e+00
1.010570e+00
1.010570e+00
1.010570e+00
1.010570e+00
1.010570e+00
1.010570e+00
1.010570e+00
1.010570e+00
1.010570e+00
1.010570e+00
1.010570e+00
1.010570e+00
1.010570e+00
1.010570e+00
1.010570e+00
1.010570e+00
1.010570e+00
1.010570e+00
1.010570e+00
1.010570e+00
1.010570e+00
1.010570e+00
1.010570e+00
1.010570e+00
1.010570e+00
1.010570e+00
1.010570e+00
1.010570e+00
1.010570e+00
1.010570e+00
1.010570e+00
1.010570e+00
1.010570e+00
1.010570e+00
1.010570e+00
1.010570e+00
1.010570e+00
1.010570e+00
1.010570e+00
1.010570e+00
1.010570e+00
1.010570e+00
1.010570e+00
1.010570e+00
1.010570e+00
1.010570e+00
1.010570e+00
1.010570e+00
1.010570e+00
1.010570e+00
1.010570e+00
1.010570e+00
1.010570e+00
1.010570e+00
1.010570e+00
1.010570e+00
1.010570e+00
1.010570e+00
1.010570e+00
1.010570e+00
1.010570e+00
1.010570e+00
1.010570e+00
1.010570e+00
1.010570e+00
1.010570e+00
1.010570e+00
1.010570e+00
1.010570e+00
1.010570e+00
1.010570e+00
1.010570e+00
1.010570e+00
1.010570e+00
1.010570e+00
1.010570e+00
1.010570e+00
1.010570e+00
1.010570e+00
1.010570e+00
1.010570e+00
1.010570e+00
1.010570e+00
1.010570e+00
1.010570e+00
1.010570e+00
1.010570e+00
1.010570e+00
1.010570e+00
1.010570e+00
1.010570e+00
1.010570e+00
1.010570e+00
1.010570e+00
1.010570e+00
1.010570e+00
1.010570e+00
1.010570e+00
1.010570e+00
1.010570e+00
1.010570e+00
1.010570e+00
1.010570e+00
1.010570e+00
1.010570e+00
1.010570e+00
1.010570e+00
1.010570e+00
1.010570e+00
1.010570e+00
1.010570e+00
1.010570e+00
1.010570e+00
1.010570e+00
1.010570e+00
1.010570e+00
1.010570e+00
1.010570e+00
1.010570e+00
1.010570e+00
1.010570e+00
1.010570e+00
1.010570e+00
1.010570e+00
1.010570e+00
1.010570e+00
1.010570e+00
1.010570e+00
1.010570e+00
1.010570e+00
1.010570e+00
1.010570e+00
1.010570e+00
1.010570e+00
1.010570e+00
1.010570e+00
1.010570e+00
1.010570e+00
1.010570e+00
1.010570e+00
1.010570e+00
1.010570e+00
1.010570e+00
1.010570e+00
1.010570e+00
1.010570e+00
1.010570e+00
1.010570e+00
1.010570e+00
1.010570e+00
1.010570e+00
1.010570e+00
1.010570e+00
1.010570e+00
1.010570e+00
1.010570e+00
1.010570e+00
1.010570e+00
1.010570e+00
1.010570e+00
1.010570e+00
1.010570e+00
1.010570e+00
1.010570e+00
1.010570e+00
1.010570e+00
1.010570e+00
1.010570e+00
1.010570e+00
1.010570e+00
1.010570e+00
1.010570e+00
1.010570e+00
1.010570e+00
1.010570e+00
1.010570e+00
1.010570e+00
1.010570e+00
1.010570e+00
1.010570e+00
1.010570e+00
1.010570e+00
1.010570e+00
1.010570e+00
1.010570e+00
1.010570e+00
1.010570e+00
1.010570e+00
1.010570e+00
1.010570e+00
1.010570e+00
1.010570e+00
1.010570e+00
1.010570e+00
1.010570e+00
1.010570e+00
1.010570e+00
1.010570e+00
1.010570e+00
1.010570e+00
1.010570e+00
1.010570e+00
1.010570e+00
1.010570e+00
1.010570e+00
1.010570e+00
